94	3.235951	3.906299	3.550655	3.524400	2.828865	1.253832	3.534101	3.528227	3.767637	3.678103	0.000000	0.000000	0.000000	0.000000	0.021093	0.027412	0.018512	0.012371	0.000000	0.000000	3.370519	0	0	-0.055860	-0.055860
95	3.086253	3.903273	3.550299	3.523866	2.824504	1.248047	3.533122	3.527159	3.767014	3.676679	0.000000	0.000000	0.000000	0.000000	0.024742	0.031417	0.023140	0.018156	0.000000	0.000000	5.088575	0	0	-0.055860	-0.055860
96	3.086609	3.903718	3.551456	3.523243	2.824148	1.247869	3.533478	3.528049	3.767103	3.676412	0.000000	0.000000	0.000000	0.000000	0.025454	0.030260	0.022784	0.017800	0.000000	0.000000	5.088219	0	0	-0.055860	-0.055860
97	3.088745	3.903807	3.550655	3.524489	2.824682	1.247869	3.533834	3.528405	3.767726	3.677302	0.000000	0.000000	0.000000	0.000000	0.025810	0.031150	0.023585	0.017711	0.000000	0.000000	5.088308	0	0	-0.055860	-0.055860
98	3.087054	3.904252	3.550655	3.525023	2.824593	1.247246	3.534457	3.529028	3.768171	3.677391	0.000000	0.000000	0.000000	0.000000	0.025009	0.030705	0.023674	0.017978	0.000000	0.000000	5.087507	0	0	-0.055860	-0.055860
99	3.088211	3.904519	3.551545	3.525112	2.825305	1.247157	3.534279	3.528583	3.768260	3.677569	0.000000	0.000000	0.000000	0.000000	0.025365	0.030527	0.022428	0.018245	0.000000	0.000000	5.088041	0	0	-0.055860	-0.055860
9A	3.087321	3.904786	3.550922	3.524934	2.824593	1.246267	3.534902	3.528672	3.768438	3.677391	0.000000	0.000000	0.000000	0.000000	0.025810	0.031239	0.023496	0.018245	0.000000	0.000000	5.087240	0	0	-0.055860	-0.055860
9B	3.088478	3.904608	3.552524	3.526002	2.826284	1.246445	3.534813	3.529651	3.768438	3.678192	0.000000	0.000000	0.000000	0.000000	0.025276	0.030527	0.023496	0.018334	0.000000	0.000000	5.085371	0	0	-0.055860	-0.055860
9C	3.088834	3.905053	3.552702	3.526714	2.826551	1.246000	3.534724	3.530363	3.769684	3.678459	0.000000	0.000000	0.000000	0.000000	0.025810	0.030616	0.023229	0.018245	0.000000	0.000000	5.086706	0	0	-0.055860	-0.055860
9D	3.089724	3.906210	3.552969	3.526714	2.826729	1.246267	3.535525	3.530007	3.769239	3.678726	0.000000	0.000000	0.000000	0.000000	0.024831	0.030260	0.022428	0.018067	0.000000	0.000000	5.086528	0	0	-0.055860	-0.055860
9E	3.088300	3.906210	3.552791	3.526536	2.825839	1.245555	3.536415	3.530897	3.770129	3.679171	0.000000	0.000000	0.000000	0.000000	0.025454	0.029726	0.023852	0.017978	0.000000	0.000000	5.086884	0	0	-0.055860	-0.055860
9F	3.089457	3.906566	3.554393	3.527515	2.827530	1.245555	3.536326	3.531253	3.770307	3.680417	0.000000	0.000000	0.000000	0.000000	0.025632	0.030794	0.023585	0.018245	0.000000	0.000000	5.086973	0	0	-0.055860	-0.055860
A0	3.089991	3.906833	3.553325	3.527782	2.827708	1.246089	3.536949	3.530897	3.771375	3.679883	0.000000	0.000000	0.000000	0.000000	0.025810	0.030171	0.023407	0.017978	0.000000	0.000000	5.089910	0	0	-0.055860	-0.055860
A1	3.089635	3.906833	3.553414	3.527159	2.827619	1.245288	3.537394	3.530897	3.771197	3.680328	0.000000	0.000000	0.000000	0.000000	0.025187	0.031150	0.023763	0.018245	0.000000	0.000000	5.089910	0	0	-0.055860	-0.055860
A2	3.090080	3.907189	3.553948	3.528494	2.827174	1.245110	3.537483	3.531876	3.770663	3.680061	0.000000	0.000000	0.000000	0.000000	0.025454	0.030883	0.023318	0.018423	0.000000	0.000000	5.089910	0	0	-0.055860	-0.055860
A3	3.089813	3.908257	3.553859	3.528138	2.828420	1.245199	3.537839	3.531965	3.771197	3.681040	0.000000	0.000000	0.000000	0.000000	0.025899	0.030438	0.023674	0.018512	0.000000	0.000000	5.087685	0	0	-0.055860	-0.055860
A4	3.090614	3.907812	3.554304	3.529117	2.828242	1.245021	3.538729	3.532232	3.771731	3.681485	0.000000	0.000000	0.000000	0.000000	0.025276	0.030972	0.023407	0.018334	0.000000	0.000000	5.087685	0	0	-0.055860	-0.055860
A5	3.090703	3.908613	3.555372	3.529295	2.828954	1.244576	3.539263	3.533211	3.772621	3.681129	0.000000	0.000000	0.000000	0.000000	0.025632	0.030438	0.023318	0.017889	0.000000	0.000000	5.089020	0	0	-0.055860	-0.055860
A6	3.090525	3.908079	3.555372	3.529473	2.829132	1.244220	3.538640	3.532944	3.772087	3.680951	0.000000	0.000000	0.000000	0.000000	0.025899	0.031417	0.023407	0.018245	0.000000	0.000000	5.087418	0	0	-0.055860	-0.055860
A7	3.090169	3.909325	3.554927	3.529384	2.829221	1.243864	3.538729	3.533122	3.772710	3.681663	0.000000	0.000000	0.000000	0.000000	0.025365	0.031061	0.023407	0.018067	0.000000	0.000000	5.089109	0	0	-0.055860	-0.055860
A8	3.090792	3.909147	3.555550	3.529740	2.829310	1.243953	3.539263	3.533567	3.773422	3.682019	0.000000	0.000000	0.000000	0.000000	0.025276	0.031061	0.023585	0.018601	0.000000	0.000000	5.089465	0	0	-0.055860	-0.055860
A9	3.092127	3.910037	3.555906	3.530808	2.830200	1.244932	3.539085	3.534546	3.773333	3.682642	0.000000	0.000000	0.000000	0.000000	0.025365	0.030260	0.023496	0.018156	0.000000	0.000000	5.088753	0	0	-0.055860	-0.055860
AA	3.092127	3.909859	3.555817	3.530630	2.829310	1.243419	3.540242	3.534724	3.773778	3.682731	0.000000	0.000000	0.000000	0.000000	0.025543	0.030438	0.023852	0.018423	0.000000	0.000000	5.090266	0	0	-0.055860	-0.055860
AB	3.092572	3.909147	3.556529	3.531075	2.829755	1.243063	3.540509	3.535258	3.773867	3.684511	0.000000	0.000000	0.000000	0.000000	0.025543	0.030082	0.023674	0.017978	0.000000	0.000000	5.088664	0	0	-0.055860	-0.055860
AC	3.092483	3.910571	3.556262	3.531609	2.830823	1.243953	3.540420	3.535525	3.774846	3.684155	0.000000	0.000000	0.000000	0.000000	0.026166	0.030616	0.023585	0.018156	0.000000	0.000000	5.089732	0	0	-0.055860	-0.055860
AD	3.091593	3.910571	3.557241	3.531698	2.831090	1.244042	3.540687	3.535525	3.776715	3.684689	0.000000	0.000000	0.000000	0.000000	0.026166	0.030705	0.023585	0.018334	0.000000	0.000000	5.088575	0	0	-0.055860	-0.055860
AE	3.092394	3.910571	3.557241	3.532143	2.831268	1.248403	3.549320	3.535970	3.775647	3.683799	0.000000	0.000000	0.000000	0.000000	0.025543	0.030972	0.023051	0.018601	0.000000	0.000000	5.088575	0	0	-0.055860	-0.055860
AF	3.093284	3.911016	3.556707	3.532321	2.830556	1.244843	3.549142	3.536504	3.775825	3.684511	0.000000	0.000000	0.000000	0.000000	0.025454	0.030438	0.022161	0.018334	0.000000	0.000000	5.089198	0	0	-0.055860	-0.055860
B0	3.092572	3.910927	3.557686	3.533122	2.831535	1.245199	3.547273	3.536860	3.776448	3.684956	0.000000	0.000000	0.000000	0.000000	0.025365	0.030883	0.023852	0.017978	0.000000	0.000000	5.087952	0	0	-0.055860	-0.055860
B1	3.092394	3.911639	3.557775	3.533033	2.831090	1.244932	3.549854	3.536860	3.776982	3.685134	0.000000	0.000000	0.000000	0.000000	0.025632	0.030883	0.022784	0.018245	0.000000	0.000000	5.088486	0	0	-0.055860	-0.055860
B2	3.092127	3.910749	3.557775	3.532944	2.831001	1.245288	3.548964	3.536682	3.776626	3.684778	0.000000	0.000000	0.000000	0.000000	0.025899	0.031061	0.022161	0.018334	0.000000	0.000000	5.087596	0	0	-0.055860	-0.055860
B3	3.092216	3.911194	3.557508	3.533745	2.831179	1.247157	3.549943	3.537127	3.776626	3.685223	0.000000	0.000000	0.000000	0.000000	0.025365	0.030082	0.023318	0.017711	0.000000	0.000000	5.089465	0	0	-0.055860	-0.055860
B4	3.092305	3.911105	3.557419	3.534012	2.831268	1.245911	3.546650	3.537394	3.776626	3.685846	0.000000	0.000000	0.000000	0.000000	0.026166	0.030972	0.022962	0.018067	0.000000	0.000000	5.085549	0	0	-0.055860	-0.055860
B5	3.092483	3.911194	3.558309	3.534546	2.831090	1.248314	3.546472	3.537305	3.776804	3.685490	0.000000	0.000000	0.000000	0.000000	0.025721	0.031239	0.023763	0.018245	0.000000	0.000000	5.085638	0	0	-0.055860	-0.055860
B6	3.092483	3.911372	3.558220	3.535347	2.831179	1.248848	3.548252	3.537839	3.777249	3.685757	0.000000	0.000000	0.000000	0.000000	0.025365	0.030794	0.022962	0.017088	0.000000	0.000000	5.084214	0	0	-0.055860	-0.055860
B7	3.092216	3.912262	3.559021	3.534635	2.831357	1.247780	3.546294	3.538729	3.777160	3.686558	0.000000	0.000000	0.000000	0.000000	0.025454	0.031417	0.023229	0.017978	0.000000	0.000000	5.086439	0	0	-0.055860	-0.055860
B8	3.092750	3.911639	3.558220	3.535169	2.831624	1.247958	3.541577	3.538284	3.777338	3.686558	0.000000	0.000000	0.000000	0.000000	0.025810	0.031061	0.023496	0.018690	0.000000	0.000000	5.086350	0	0	-0.055860	-0.055860
B9	3.093284	3.911906	3.559822	3.535347	2.831624	1.248848	3.541933	3.538462	3.777872	3.687181	0.000000	0.000000	0.000000	0.000000	0.025543	0.030260	0.022250	0.018334	0.000000	0.000000	5.085371	0	0	-0.055860	-0.055860
BA	3.092928	3.912529	3.559555	3.535703	2.832692	1.250005	3.543268	3.538640	3.777783	3.686469	0.000000	0.000000	0.000000	0.000000	0.025187	0.030705	0.022695	0.017622	0.000000	0.000000	5.085905	0	0	-0.055860	-0.055860
BB	3.092305	3.912618	3.559911	3.535614	2.832069	1.250628	3.543535	3.539352	3.778228	3.687804	0.000000	0.000000	0.000000	0.000000	0.025454	0.030438	0.023674	0.017622	0.000000	0.000000	5.087062	0	0	-0.055860	-0.055860
BC	3.093106	3.912351	3.559110	3.536148	2.831624	1.249827	3.546383	3.539441	3.778139	3.687804	0.000000	0.000000	0.000000	0.000000	0.025721	0.030527	0.022339	0.017889	0.000000	0.000000	5.087596	0	0	-0.055860	-0.055860
BD	3.093907	3.912707	3.559644	3.536237	2.834739	1.248937	3.548252	3.540242	3.778317	3.687893	0.000000	0.000000	0.000000	0.000000	0.025365	0.030349	0.023852	0.018245	0.000000	0.000000	5.086706	0	0	-0.055860	-0.055860
BE	3.092216	3.913152	3.560356	3.536237	2.834472	1.245911	3.545137	3.540509	3.779118	3.688249	0.000000	0.000000	0.000000	0.000000	0.025632	0.030794	0.023407	0.018067	0.000000	0.000000	5.086172	0	0	-0.055860	-0.055860
BF	3.092216	3.913063	3.560890	3.537305	2.836519	1.246890	3.545671	3.540598	3.780097	3.688961	0.000000	0.000000	0.000000	0.000000	0.025721	0.029993	0.024030	0.017444	0.000000	0.000000	5.087774	0	0	-0.055860	-0.055860
C0	3.094174	3.913152	3.560445	3.537839	2.836074	1.246178	3.546027	3.540598	3.779474	3.689050	0.000000	0.000000	0.000000	0.000000	0.024831	0.030438	0.022072	0.017711	0.000000	0.000000	5.088486	0	0	-0.055860	-0.055860
C1	3.093195	3.913686	3.561780	3.537483	2.835985	1.244487	3.546027	3.540776	3.779741	3.689228	0.000000	0.000000	0.000000	0.000000	0.025632	0.029815	0.023674	0.018067	0.000000	0.000000	5.085727	0	0	-0.055860	-0.055860
C2	3.095064	3.913775	3.561513	3.538640	2.836519	1.245021	3.545849	3.541221	3.779741	3.689851	0.000000	0.000000	0.000000	0.000000	0.025365	0.030794	0.023496	0.018512	0.000000	0.000000	5.087329	0	0	-0.055860	-0.055860
C3	3.094530	3.913597	3.561424	3.537928	2.836875	1.244665	3.546472	3.541666	3.780275	3.690029	0.000000	0.000000	0.000000	0.000000	0.025810	0.030794	0.023051	0.018601	0.000000	0.000000	5.086172	0	0	-0.055860	-0.055860
C4	3.094530	3.914754	3.561424	3.538551	2.836964	1.244754	3.546472	3.541399	3.780809	3.690741	0.000000	0.000000	0.000000	0.000000	0.025543	0.030438	0.023763	0.018156	0.000000	0.000000	5.085994	0	0	-0.055860	-0.055860
C5	3.093907	3.914309	3.561424	3.539263	2.837765	1.243597	3.546739	3.542022	3.782233	3.690830	0.000000	0.000000	0.000000	0.000000	0.025543	0.030972	0.023407	0.018423	0.000000	0.000000	5.088308	0	0	-0.055860	-0.055860
C6	3.094619	3.915021	3.561513	3.539708	2.837587	1.243686	3.547362	3.542378	3.782411	3.691275	0.000000	0.000000	0.000000	0.000000	0.025187	0.031061	0.023407	0.018245	0.000000	0.000000	5.086795	0	0	-0.055860	-0.055860
C7	3.094085	3.915021	3.561513	3.539708	2.837854	1.246979	3.547006	3.543090	3.782500	3.691453	0.000000	0.000000	0.000000	0.000000	0.025365	0.030082	0.021983	0.017711	0.000000	0.000000	5.087596	0	0	-0.055860	-0.055860
C8	3.094441	3.915288	3.561958	3.540153	2.839367	1.249738	3.547807	3.545582	3.782767	3.691631	0.000000	0.000000	0.000000	0.000000	0.025454	0.030527	0.023763	0.018156	0.000000	0.000000	5.085638	0	0	-0.055860	-0.055860
C9	3.095064	3.916000	3.562759	3.540687	2.837409	1.252586	3.550032	3.546472	3.784903	3.691186	0.000000	0.000000	0.000000	0.000000	0.026077	0.030972	0.023496	0.018334	0.000000	0.000000	5.086528	0	0	-0.055860	-0.055860
CA	3.095064	3.915911	3.562581	3.540776	2.839456	1.252942	3.551812	3.547540	3.784280	3.692521	0.000000	0.000000	0.000000	0.000000	0.025721	0.030616	0.023763	0.017355	0.000000	0.000000	5.088041	0	0	-0.055860	-0.055860
CB	3.095598	3.915822	3.561869	3.541043	2.841948	1.254722	3.551367	3.546027	3.785170	3.693055	0.000000	0.000000	0.000000	0.000000	0.025543	0.030527	0.023140	0.018245	0.000000	0.000000	5.086884	0	0	-0.055860	-0.055860
CC	3.096933	3.915733	3.563560	3.540865	2.842037	1.260507	3.551011	3.546739	3.785526	3.693322	0.000000	0.000000	0.000000	0.000000	0.026077	0.030260	0.023763	0.018512	0.000000	0.000000	5.086706	0	0	-0.055860	-0.055860
CD	3.095954	3.916089	3.563560	3.541844	2.846131	1.255345	3.550477	3.547807	3.784992	3.693322	0.000000	0.000000	0.000000	0.000000	0.025899	0.030883	0.023496	0.017978	0.000000	0.000000	5.084926	0	0	-0.055860	-0.055860
CE	3.096666	3.916534	3.562937	3.541933	2.844440	1.254277	3.551367	3.547362	3.785348	3.693233	0.000000	0.000000	0.000000	0.000000	0.025543	0.030527	0.023229	0.018156	0.000000	0.000000	5.088219	0	0	-0.055860	-0.055860
CF	3.096043	3.916890	3.562670	3.542378	2.844618	1.254277	3.551278	3.547807	3.785526	3.694123	0.000000	0.000000	0.000000	0.000000	0.025276	0.031150	0.023585	0.018423	0.000000	0.000000	5.087685	0	0	-0.055860	-0.055860
D0	3.096844	3.916890	3.563560	3.542556	2.843817	1.253832	3.551100	3.547629	3.785437	3.694657	0.000000	0.000000	0.000000	0.000000	0.026166	0.030438	0.023051	0.018601	0.000000	0.000000	5.088041	0	0	-0.055860	-0.055860
D1	3.096666	3.916979	3.564005	3.543357	2.844796	1.253298	3.551634	3.547807	3.785971	3.695191	0.000000	0.000000	0.000000	0.000000	0.025276	0.031150	0.023229	0.018334	0.000000	0.000000	5.088041	0	0	-0.055860	-0.055860
D2	3.096488	3.917335	3.563471	3.542912	2.843550	1.253654	3.551901	3.548430	3.786238	3.695547	0.000000	0.000000	0.000000	0.000000	0.025365	0.030705	0.023229	0.017444	0.000000	0.000000	5.088041	0	0	-0.055860	-0.055860
D3	3.096666	3.917157	3.564272	3.543357	2.844084	1.253565	3.552435	3.548430	3.787395	3.694568	0.000000	0.000000	0.000000	0.000000	0.025899	0.030260	0.023229	0.018245	0.000000	0.000000	5.087685	0	0	-0.055860	-0.055860
D4	3.097467	3.917691	3.564005	3.543802	2.844173	1.253209	3.552079	3.548786	3.787573	3.695547	0.000000	0.000000	0.000000	0.000000	0.025454	0.030171	0.023941	0.017978	0.000000	0.000000	5.085994	0	0	-0.055860	-0.055860
D5	3.097378	3.917246	3.564539	3.544158	2.842126	1.258727	3.553236	3.549498	3.787840	3.694568	0.000000	0.000000	0.000000	0.000000	0.025810	0.030349	0.023585	0.017711	0.000000	0.000000	5.085371	0	0	-0.055860	-0.055860
D6	3.097467	3.918047	3.565073	3.544781	2.844974	1.254277	3.551990	3.547718	3.787929	3.695369	0.000000	0.000000	0.000000	0.000000	0.025899	0.030438	0.023140	0.018423	0.000000	0.000000	5.085371	0	0	-0.055860	-0.055860
D7	3.096399	3.917958	3.564628	3.544959	2.847021	1.253209	3.551100	3.548519	3.790065	3.695992	0.000000	0.000000	0.000000	0.000000	0.025365	0.031150	0.023496	0.018067	0.000000	0.000000	5.085727	0	0	-0.055860	-0.055860
D8	3.096488	3.917958	3.564539	3.545671	2.846843	1.255701	3.553948	3.550121	3.789798	3.696704	0.000000	0.000000	0.000000	0.000000	0.025365	0.030260	0.023407	0.017800	0.000000	0.000000	5.085104	0	0	-0.055860	-0.055860
D9	3.096844	3.919293	3.565518	3.545404	2.847377	1.254633	3.553147	3.550566	3.790510	3.697327	0.000000	0.000000	0.000000	0.000000	0.025454	0.030972	0.023763	0.018423	0.000000	0.000000	5.086439	0	0	-0.055860	-0.055860
DA	3.098446	3.918403	3.564628	3.546116	2.846665	1.252319	3.552257	3.548875	3.789264	3.698039	0.000000	0.000000	0.000000	0.000000	0.025988	0.031061	0.023407	0.018423	0.000000	0.000000	5.088041	0	0	-0.055860	-0.055860
DB	3.096577	3.918047	3.565340	3.545671	2.844796	1.251874	3.553147	3.550121	3.789442	3.697238	0.000000	0.000000	0.000000	0.000000	0.025543	0.031150	0.023318	0.017889	0.000000	0.000000	5.084926	0	0	-0.055860	-0.055860
DC	3.097823	3.918937	3.565251	3.546739	2.846754	1.252052	3.553948	3.549498	3.790777	3.698039	0.000000	0.000000	0.000000	0.000000	0.025988	0.030883	0.023763	0.017800	0.000000	0.000000	5.087240	0	0	-0.055860	-0.055860
DD	3.097823	3.919827	3.566319	3.547095	2.846309	1.253565	3.554838	3.550477	3.790510	3.698039	0.000000	0.000000	0.000000	0.000000	0.025721	0.030438	0.023674	0.017444	0.000000	0.000000	5.087240	0	0	-0.055860	-0.055860
DE	3.097556	3.919026	3.565607	3.546739	2.845864	1.251162	3.554037	3.550121	3.790688	3.697950	0.000000	0.000000	0.000000	0.000000	0.025543	0.031150	0.023585	0.018423	0.000000	0.000000	5.086172	0	0	-0.055860	-0.055860
DF	3.097734	3.919560	3.566141	3.547095	2.846131	1.250539	3.554749	3.550566	3.791222	3.699374	0.000000	0.000000	0.000000	0.000000	0.025454	0.030616	0.023140	0.018067	0.000000	0.000000	5.088219	0	0	-0.055860	-0.055860
E0	3.099069	3.920183	3.566408	3.547985	2.847288	1.250628	3.554749	3.551634	3.791756	3.699374	0.000000	0.000000	0.000000	0.000000	0.025810	0.031328	0.022962	0.017266	0.000000	0.000000	5.088219	0	0	-0.055860	-0.055860
E1	3.098090	3.919738	3.566319	3.547540	2.847911	1.250183	3.554660	3.551011	3.791311	3.699463	0.000000	0.000000	0.000000	0.000000	0.025899	0.030349	0.024119	0.017889	0.000000	0.000000	5.088664	0	0	-0.055860	-0.055860
E2	3.098179	3.920895	3.566408	3.548163	2.848712	1.250183	3.555550	3.550388	3.792201	3.700531	0.000000	0.000000	0.000000	0.000000	0.025810	0.030705	0.023140	0.017800	0.000000	0.000000	5.087596	0	0	-0.055860	-0.055860
E3	3.095331	3.915288	3.565073	3.547540	2.841147	1.241995	3.553681	3.549587	3.787751	3.697327	0.000000	0.000000	0.000000	0.000000	0.026344	0.030171	0.022873	0.017889	0.000000	0.000000	5.090533	0	0	-0.055860	-0.055860
E4	2.638583	3.376838	3.406564	3.377906	1.999652	0.285156	3.372922	3.376660	3.369362	3.373990	0.000000	0.000000	0.000000	0.000000	0.025098	0.030972	0.023496	0.017711	0.000000	0.000000	5.074335	0	0	-0.055860	-0.055860
E5	2.635201	3.373634	3.404695	3.375770	1.936818	0.220987	3.370074	3.372922	3.365980	3.371409	0.000000	0.000000	0.000000	0.000000	0.025454	0.031328	0.023407	0.018334	0.000000	0.000000	5.075403	0	0	-0.055860	-0.055860
E6	2.633154	3.371943	3.403271	3.374257	1.892407	0.187256	3.368561	3.371231	3.364289	3.369451	0.000000	0.000000	0.000000	0.000000	0.025365	0.030082	0.023674	0.017711	0.000000	0.000000	5.074068	0	0	-0.055860	-0.055860
E7	2.633866	3.370608	3.401847	3.372121	1.857341	0.164383	3.366781	3.369718	3.363132	3.367493	0.000000	0.000000	0.000000	0.000000	0.025810	0.031061	0.023763	0.017711	0.000000	0.000000	5.073623	0	0	-0.055860	-0.055860
E8	2.632086	3.369540	3.400156	3.370519	1.827348	0.147740	3.364823	3.368116	3.361530	3.366336	0.000000	0.000000	0.000000	0.000000	0.025276	0.030527	0.022339	0.018245	0.000000	0.000000	5.073089	0	0	-0.055860	-0.057190
E9	2.631730	3.367849	3.399533	3.369629	1.801004	0.134568	3.363933	3.367048	3.360017	3.365001	0.000000	0.000000	0.000000	0.000000	0.025276	0.030527	0.022962	0.017800	0.000000	0.000000	5.072466	0	0	-0.055860	-0.055860
EA	2.629683	3.367048	3.398109	3.368205	1.777419	0.122553	3.362242	3.366069	3.359127	3.363933	0.000000	0.000000	0.000000	0.000000	0.024742	0.030794	0.023140	0.018156	0.000000	0.000000	5.072733	0	0	-0.055860	-0.055860
EB	2.628971	3.366247	3.396952	3.367048	1.755080	0.112051	3.361441	3.364912	3.357881	3.363043	0.000000	0.000000	0.000000	0.000000	0.025009	0.030616	0.023051	0.018156	0.000000	0.000000	5.071932	0	0	-0.055860	-0.055860
EC	2.627992	3.365268	3.396685	3.366781	1.735055	0.104486	3.360462	3.363577	3.356991	3.361619	0.000000	0.000000	0.000000	0.000000	0.025810	0.031328	0.023407	0.018156	0.000000	0.000000	5.072466	0	0	-0.055860	-0.055860
ED	2.627814	3.364645	3.395350	3.365001	1.715831	0.099591	3.359394	3.363666	3.356457	3.361085	0.000000	0.000000	0.000000	0.000000	0.025098	0.030883	0.023407	0.018334	0.000000	0.000000	5.072466	0	0	-0.055860	-0.055860
EE	2.625678	3.363310	3.394282	3.364378	1.698298	0.091047	3.357525	3.361619	3.355389	3.359216	0.000000	0.000000	0.000000	0.000000	0.025276	0.029726	0.023585	0.018156	0.000000	0.000000	5.071309	0	0	-0.055860	-0.055860
EF	2.626479	3.363221	3.393481	3.363933	1.680409	0.084639	3.357169	3.360907	3.353965	3.358771	0.000000	0.000000	0.000000	0.000000	0.025365	0.030171	0.023318	0.017533	0.000000	0.000000	5.071576	0	0	-0.055860	-0.055860
F0	2.625411	3.362509	3.393125	3.362598	1.664745	0.079477	3.356368	3.360017	3.353342	3.358593	0.000000	0.000000	0.000000	0.000000	0.025543	0.030883	0.023585	0.017889	0.000000	0.000000	5.070686	0	0	-0.055860	-0.055860
F1	2.624343	3.361263	3.392413	3.361441	1.648725	0.074938	3.355478	3.359216	3.352808	3.357614	0.000000	0.000000	0.000000	0.000000	0.025454	0.031239	0.023318	0.017177	0.000000	0.000000	5.071042	0	0	-0.055860	-0.055860
F2	2.623898	3.360462	3.391701	3.361174	1.633862	0.070221	3.354855	3.357792	3.351740	3.356813	0.000000	0.000000	0.000000	0.000000	0.025098	0.030438	0.022517	0.018334	0.000000	0.000000	5.070775	0	0	-0.055860	-0.057190
F3	2.622207	3.360195	3.391790	3.360106	1.618999	0.065148	3.353520	3.356724	3.350316	3.355300	0.000000	0.000000	0.000000	0.000000	0.025721	0.030794	0.023585	0.017889	0.000000	0.000000	5.070063	0	0	-0.057190	-0.055860
F4	2.621940	3.358415	3.389387	3.359216	1.605382	0.062300	3.352007	3.356813	3.350138	3.354054	0.000000	0.000000	0.000000	0.000000	0.025632	0.030171	0.022339	0.017533	0.000000	0.000000	5.068817	0	0	-0.055860	-0.057190
F5	2.621495	3.358682	3.390277	3.358504	1.591409	0.057850	3.352630	3.355300	3.349426	3.353520	0.000000	0.000000	0.000000	0.000000	0.025098	0.031150	0.023585	0.018334	0.000000	0.000000	5.069262	0	0	-0.055860	-0.057190
F6	2.621406	3.357169	3.388497	3.357347	1.577970	0.055803	3.351384	3.355300	3.348447	3.352897	0.000000	0.000000	0.000000	0.000000	0.025543	0.030616	0.023140	0.016910	0.000000	0.000000	5.070063	0	0	-0.057190	-0.057190
F7	2.619448	3.356991	3.388319	3.356546	1.564353	0.052065	3.350761	3.353876	3.347379	3.352452	0.000000	0.000000	0.000000	0.000000	0.025009	0.030349	0.023407	0.017889	0.000000	0.000000	5.069796	0	0	-0.055860	-0.055860
F8	2.620071	3.356724	3.388052	3.356190	1.552516	0.049395	3.349871	3.353164	3.346934	3.351829	0.000000	0.000000	0.000000	0.000000	0.025187	0.030972	0.022517	0.017622	0.000000	0.000000	5.069173	0	0	-0.055860	-0.057190
F9	2.619359	3.356368	3.386895	3.355745	1.539433	0.047081	3.348981	3.352541	3.347468	3.350049	0.000000	0.000000	0.000000	0.000000	0.025098	0.030260	0.023318	0.017800	0.000000	0.000000	5.068995	0	0	-0.055860	-0.057190
FA	2.617846	3.355478	3.386005	3.354410	1.527418	0.044233	3.348981	3.352185	3.345688	3.350227	0.000000	0.000000	0.000000	0.000000	0.024831	0.031239	0.023407	0.018067	0.000000	0.000000	5.067838	0	0	-0.057190	-0.055860
FB	2.617935	3.354677	3.386005	3.354232	1.516204	0.041207	3.347824	3.351206	3.344976	3.349070	0.000000	0.000000	0.000000	0.000000	0.025098	0.030349	0.023407	0.018512	0.000000	0.000000	5.066770	0	0	-0.055860	-0.055860
FC	2.616778	3.353876	3.385115	3.353342	1.505257	0.039961	3.347023	3.351028	3.343997	3.348091	0.000000	0.000000	0.000000	0.000000	0.024742	0.030260	0.023763	0.017533	0.000000	0.000000	5.067304	0	0	-0.055860	-0.055860
FD	2.615087	3.353787	3.384403	3.352541	1.493064	0.037914	3.346400	3.349782	3.343908	3.348358	0.000000	0.000000	0.000000	0.000000	0.025365	0.029993	0.023763	0.016910	0.000000	0.000000	5.068016	0	0	-0.057190	-0.057190
FE	2.615176	3.353164	3.383869	3.351918	1.481761	0.036312	3.346222	3.348981	3.342662	3.346934	0.000000	0.000000	0.000000	0.000000	0.025365	0.029993	0.024119	0.017978	0.000000	0.000000	5.066681	0	0	-0.055860	-0.055860
FF	2.615977	3.352541	3.384314	3.351740	1.470992	0.032930	3.344620	3.348803	3.342306	3.346400	0.000000	0.000000	0.000000	0.000000	0.026077	0.029993	0.023407	0.017533	0.000000	0.000000	5.065702	0	0	-0.055860	-0.055860
0	2.614820	3.351651	3.382623	3.350672	1.459956	0.031150	3.344531	3.347557	3.341505	3.345955	0.000000	0.000000	0.000000	0.000000	0.025632	0.030349	0.023318	0.017444	0.000000	0.000000	5.065079	0	0	-0.055860	-0.057190
1	2.614108	3.350850	3.382534	3.350316	1.449721	0.028836	3.343552	3.347735	3.341238	3.345866	0.000000	0.000000	0.000000	0.000000	0.025276	0.029993	0.023585	0.017800	0.000000	0.000000	5.064545	0	0	-0.055860	-0.055860
2	2.614286	3.350850	3.382089	3.349960	1.438952	0.029192	3.343463	3.347290	3.340526	3.345154	0.000000	0.000000	0.000000	0.000000	0.025098	0.031061	0.023941	0.017622	0.000000	0.000000	5.064990	0	0	-0.055860	-0.055860
3	2.613574	3.350227	3.381911	3.349604	1.428539	0.027145	3.342573	3.346044	3.340259	3.344086	0.000000	0.000000	0.000000	0.000000	0.025454	0.030171	0.023496	0.018245	0.000000	0.000000	5.065524	0	0	-0.057190	-0.055860
4	2.611883	3.349782	3.381377	3.348714	1.419372	0.024386	3.342128	3.345688	3.339458	3.343730	0.000000	0.000000	0.000000	0.000000	0.024475	0.030705	0.023051	0.017978	0.000000	0.000000	5.064901	0	0	-0.057190	-0.055860
5	2.612417	3.348803	3.381021	3.348091	1.408603	0.022695	3.341416	3.344798	3.338301	3.342929	0.000000	0.000000	0.000000	0.000000	0.025721	0.030972	0.023407	0.018690	0.000000	0.000000	5.063744	0	0	-0.055860	-0.057190
6	2.611438	3.349070	3.380220	3.347735	1.398813	0.021716	3.340526	3.344709	3.337945	3.342484	0.000000	0.000000	0.000000	0.000000	0.025543	0.030705	0.023763	0.017622	0.000000	0.000000	5.062498	0	0	-0.055860	-0.055860
7	2.611082	3.347913	3.379775	3.347112	1.389379	0.021004	3.341327	3.344086	3.337945	3.342128	0.000000	0.000000	0.000000	0.000000	0.025187	0.031328	0.023496	0.018423	0.000000	0.000000	5.063566	0	0	-0.057190	-0.055860
8	2.609747	3.347824	3.378885	3.345688	1.379500	0.015130	3.339369	3.343107	3.336432	3.339903	0.000000	0.000000	0.000000	0.000000	0.025365	0.030527	0.023941	0.018067	0.000000	0.000000	5.062676	0	0	-0.055860	-0.055860
9	2.610548	3.347290	3.379063	3.345332	1.370333	0.015397	3.339191	3.343285	3.336788	3.341060	0.000000	0.000000	0.000000	0.000000	0.025365	0.030705	0.023318	0.017978	0.000000	0.000000	5.062765	0	0	-0.057190	-0.057190
A	2.608412	3.346400	3.377550	3.345421	1.361255	0.013350	3.339102	3.342395	3.336610	3.340259	0.000000	0.000000	0.000000	0.000000	0.024831	0.030082	0.022873	0.017711	0.000000	0.000000	5.062320	0	0	-0.055860	-0.057190
B	2.609925	3.346400	3.376482	3.344531	1.352622	0.013350	3.338034	3.342395	3.335720	3.338924	0.000000	0.000000	0.000000	0.000000	0.025454	0.030527	0.023763	0.017889	0.000000	0.000000	5.062587	0	0	-0.055860	-0.055860
C	2.608857	3.345510	3.377461	3.343997	1.343455	0.013083	3.337856	3.340882	3.335186	3.338835	0.000000	0.000000	0.000000	0.000000	0.025276	0.030705	0.023585	0.018245	0.000000	0.000000	5.062320	0	0	-0.057190	-0.055860
D	2.609658	3.345243	3.376482	3.343908	1.335356	0.009968	3.336966	3.341060	3.334652	3.339191	0.000000	0.000000	0.000000	0.000000	0.025009	0.030171	0.023674	0.017800	0.000000	0.000000	5.061341	0	0	-0.055860	-0.057190
E	2.607878	3.344887	3.375681	3.342840	1.326723	0.013350	3.336699	3.340526	3.333940	3.337678	0.000000	0.000000	0.000000	0.000000	0.025187	0.030438	0.022873	0.018334	0.000000	0.000000	5.060807	0	0	-0.057190	-0.057190
F	2.606899	3.344264	3.375592	3.342306	1.318090	0.007654	3.336521	3.340526	3.333228	3.337233	0.000000	0.000000	0.000000	0.000000	0.024653	0.029815	0.023674	0.017978	0.000000	0.000000	5.060095	0	0	-0.055860	-0.057190
10	2.606899	3.343641	3.374880	3.342217	1.309279	0.013350	3.335364	3.339013	3.332516	3.336699	0.000000	0.000000	0.000000	0.000000	0.025543	0.030794	0.022873	0.018156	0.000000	0.000000	5.060540	0	0	-0.057190	-0.057190
11	2.606098	3.343196	3.374880	3.341149	1.302159	0.012460	3.335008	3.339102	3.332160	3.336432	0.000000	0.000000	0.000000	0.000000	0.025098	0.030616	0.023140	0.017800	0.000000	0.000000	5.061252	0	0	-0.055860	-0.057190
12	2.606187	3.343196	3.374791	3.340971	1.294238	0.007654	3.334385	3.338034	3.331003	3.336699	0.000000	0.000000	0.000000	0.000000	0.024920	0.030794	0.023674	0.017355	0.000000	0.000000	5.060095	0	0	-0.057190	-0.055860
13	2.605920	3.342840	3.373990	3.340615	1.286495	0.007654	3.334118	3.337500	3.331181	3.335542	0.000000	0.000000	0.000000	0.000000	0.025098	0.030972	0.023407	0.017444	0.000000	0.000000	5.061074	0	0	-0.057190	-0.057190
14	2.606454	3.342484	3.373812	3.339903	1.278841	0.007654	3.333762	3.338212	3.330647	3.335364	0.000000	0.000000	0.000000	0.000000	0.024920	0.031150	0.023229	0.018423	0.000000	0.000000	5.060629	0	0	-0.057190	-0.057190
15	2.605653	3.341683	3.373100	3.339191	1.271543	0.007654	3.333406	3.337055	3.330202	3.334830	0.000000	0.000000	0.000000	0.000000	0.025009	0.030082	0.023496	0.018067	0.000000	0.000000	5.059650	0	0	-0.057190	-0.057190
16	2.604585	3.341327	3.372922	3.339102	1.264156	0.007654	3.332160	3.336432	3.329757	3.332872	0.000000	0.000000	0.000000	0.000000	0.025454	0.030705	0.023229	0.017889	0.000000	0.000000	5.059739	0	0	-0.057190	-0.057190
17	2.604496	3.340526	3.372744	3.338301	1.256235	0.007654	3.331982	3.336165	3.329757	3.332071	0.000000	0.000000	0.000000	0.000000	0.025187	0.030616	0.023229	0.018067	0.000000	0.000000	5.061163	0	0	-0.055860	-0.057190
18	2.605831	3.340704	3.371320	3.338212	1.249471	0.007654	3.331893	3.336254	3.329401	3.331448	0.000000	0.000000	0.000000	0.000000	0.025454	0.031239	0.023318	0.017889	0.000000	0.000000	5.060896	0	0	-0.055860	-0.055860
19	2.602983	3.339725	3.371231	3.338301	1.243241	0.007654	3.331359	3.335720	3.328511	3.331448	0.000000	0.000000	0.000000	0.000000	0.025365	0.031150	0.023318	0.017800	0.000000	0.000000	5.060273	0	0	-0.055860	-0.055860
1A	2.604852	3.339458	3.371053	3.337678	1.235498	0.007654	3.330736	3.335186	3.328422	3.330914	0.000000	0.000000	0.000000	0.000000	0.025454	0.029815	0.023585	0.017622	0.000000	0.000000	5.061875	0	0	-0.057190	-0.057190
1B	2.602894	3.339013	3.370697	3.336788	1.229090	0.007654	3.330202	3.334207	3.327354	3.330202	0.000000	0.000000	0.000000	0.000000	0.025098	0.029993	0.023674	0.018067	0.000000	0.000000	5.061519	0	0	-0.057190	-0.057190
1C	2.602805	3.339280	3.370252	3.337233	1.222682	0.007654	3.330024	3.334207	3.327443	3.330558	0.000000	0.000000	0.000000	0.000000	0.025187	0.029726	0.022517	0.017533	0.000000	0.000000	5.061608	0	0	-0.057190	-0.057190
1D	2.605297	3.339013	3.370163	3.336165	1.215740	0.007654	3.329846	3.333762	3.326286	3.328689	0.000000	0.000000	0.000000	0.000000	0.024297	0.029815	0.023318	0.017533	0.000000	0.000000	5.061163	0	0	-0.055860	-0.057190
1E	2.602271	3.337767	3.369362	3.335631	1.209688	0.007654	3.329490	3.332872	3.326286	3.329045	0.000000	0.000000	0.000000	0.000000	0.025098	0.030171	0.023051	0.017800	0.000000	0.000000	5.062053	0	0	-0.057190	-0.057190
1F	2.603517	3.337411	3.369184	3.334652	1.202835	0.007654	3.329134	3.332694	3.325663	3.328244	0.000000	0.000000	0.000000	0.000000	0.025543	0.031150	0.023318	0.018067	0.000000	0.000000	5.061786	0	0	-0.055860	-0.057190
20	2.602805	3.337411	3.369095	3.334474	1.197139	0.007654	3.328333	3.331804	3.325040	3.328333	0.000000	0.000000	0.000000	0.000000	0.025721	0.029726	0.023407	0.017800	0.000000	0.000000	5.062676	0	0	-0.057190	-0.057190
21	2.601381	3.337500	3.368650	3.334385	1.190464	0.007654	3.327888	3.332427	3.324773	3.328066	0.000000	0.000000	0.000000	0.000000	0.025276	0.030349	0.023496	0.018156	0.000000	0.000000	5.058493	0	0	-0.057190	-0.057190
22	2.602182	3.336788	3.367493	3.334296	1.184323	0.007654	3.326909	3.331537	3.324595	3.328066	0.000000	0.000000	0.000000	0.000000	0.025276	0.030705	0.023407	0.017355	0.000000	0.000000	5.061163	0	0	-0.055860	-0.057190
23	2.602360	3.336165	3.368472	3.333851	1.177826	0.007654	3.326731	3.330469	3.324773	3.326820	0.000000	0.000000	0.000000	0.000000	0.024564	0.030171	0.023585	0.018067	0.000000	0.000000	5.063477	0	0	-0.055860	-0.055860
24	2.602182	3.335364	3.367582	3.333139	1.172842	0.007654	3.326998	3.330113	3.323972	3.327087	0.000000	0.000000	0.000000	0.000000	0.025365	0.030438	0.023585	0.018334	0.000000	0.000000	5.064545	0	0	-0.057190	-0.055860
25	2.599957	3.335809	3.367048	3.332516	1.166701	0.007654	3.325841	3.330736	3.323438	3.326375	0.000000	0.000000	0.000000	0.000000	0.024564	0.030616	0.023585	0.018156	0.000000	0.000000	5.064456	0	0	-0.057190	-0.057190
26	2.601292	3.335097	3.367315	3.332694	1.161450	0.007654	3.325663	3.330113	3.323260	3.325752	0.000000	0.000000	0.000000	0.000000	0.025276	0.030171	0.023585	0.018067	0.000000	0.000000	5.064545	0	0	-0.055860	-0.057190
27	2.601292	3.334652	3.366247	3.331804	1.155754	0.007654	3.325574	3.329401	3.322459	3.325752	0.000000	0.000000	0.000000	0.000000	0.025276	0.029904	0.023318	0.017711	0.000000	0.000000	5.064723	0	0	-0.055860	-0.057190
28	2.601114	3.334652	3.365891	3.331626	1.150503	0.007654	3.324773	3.329312	3.322014	3.325307	0.000000	0.000000	0.000000	0.000000	0.025988	0.030527	0.023407	0.018245	0.000000	0.000000	5.063210	0	0	-0.057190	-0.057190
29	2.600224	3.334385	3.365802	3.331092	1.144095	0.007654	3.324862	3.329401	3.322548	3.324773	0.000000	0.000000	0.000000	0.000000	0.024831	0.030705	0.023229	0.018156	0.000000	0.000000	5.063388	0	0	-0.057190	-0.057190
2A	2.600135	3.333762	3.365891	3.331270	1.139111	0.007654	3.324328	3.327799	3.321658	3.324506	0.000000	0.000000	0.000000	0.000000	0.025187	0.029993	0.023496	0.017889	0.000000	0.000000	5.063566	0	0	-0.057190	-0.055860
2B	2.599245	3.333228	3.365268	3.330202	1.134216	0.007654	3.324150	3.327443	3.321213	3.324239	0.000000	0.000000	0.000000	0.000000	0.024920	0.031150	0.023585	0.017889	0.000000	0.000000	5.062854	0	0	-0.057190	-0.057190
2C	2.599512	3.333495	3.364289	3.329668	1.129054	0.007654	3.323705	3.327621	3.320590	3.324061	0.000000	0.000000	0.000000	0.000000	0.024920	0.030972	0.023496	0.017978	0.000000	0.000000	5.063477	0	0	-0.055860	-0.057190
2D	2.597287	3.332516	3.364289	3.329490	1.123892	0.007654	3.323527	3.327443	3.320234	3.322993	0.000000	0.000000	0.000000	0.000000	0.024920	0.030883	0.023585	0.018423	0.000000	0.000000	5.065613	0	0	-0.057190	-0.057190
2E	2.599868	3.332427	3.364556	3.329312	1.119175	0.007654	3.322548	3.326820	3.319878	3.322548	0.000000	0.000000	0.000000	0.000000	0.025721	0.030527	0.023140	0.017800	0.000000	0.000000	5.064634	0	0	-0.057190	-0.057190
2F	2.598711	3.332071	3.363488	3.329045	1.114369	0.007654	3.322370	3.326909	3.319611	3.322281	0.000000	0.000000	0.000000	0.000000	0.024653	0.030082	0.023852	0.017978	0.000000	0.000000	5.064990	0	0	-0.057190	-0.057190
30	2.597020	3.331359	3.363844	3.328422	1.109207	0.007654	3.322103	3.326286	3.318988	3.321925	0.000000	0.000000	0.000000	0.000000	0.024920	0.030794	0.023407	0.018156	0.000000	0.000000	5.064545	0	0	-0.057190	-0.057190
31	2.597732	3.331003	3.363399	3.328511	1.103867	0.007654	3.321925	3.325930	3.318543	3.321747	0.000000	0.000000	0.000000	0.000000	0.025632	0.031150	0.023407	0.018334	0.000000	0.000000	5.063922	0	0	-0.057190	-0.055860
32	2.597465	3.330736	3.362776	3.327710	1.099328	0.007654	3.321213	3.326019	3.318543	3.321124	0.000000	0.000000	0.000000	0.000000	0.024920	0.031061	0.023496	0.018334	0.000000	0.000000	5.064278	0	0	-0.057190	-0.057190
33	2.597020	3.331270	3.363043	3.327710	1.095679	0.007654	3.320679	3.325574	3.317653	3.320679	0.000000	0.000000	0.000000	0.000000	0.025098	0.030972	0.022695	0.018423	0.000000	0.000000	5.064456	0	0	-0.057190	-0.057190
34	2.596575	3.330469	3.362242	3.327354	1.090517	0.007654	3.320323	3.325040	3.318009	3.320590	0.000000	0.000000	0.000000	0.000000	0.024831	0.030883	0.023318	0.018868	0.000000	0.000000	5.064011	0	0	-0.057190	-0.057190
35	2.595774	3.330113	3.361530	3.326909	1.085622	0.007654	3.320323	3.324417	3.317831	3.320590	0.000000	0.000000	0.000000	0.000000	0.025632	0.030171	0.022250	0.017889	0.000000	0.000000	5.064011	0	0	-0.057190	-0.057190
36	2.596130	3.329935	3.361886	3.325930	1.080727	0.007654	3.319433	3.324417	3.316852	3.320412	0.000000	0.000000	0.000000	0.000000	0.024742	0.030349	0.023585	0.017889	0.000000	0.000000	5.063477	0	0	-0.057190	-0.057190
37	2.595863	3.328689	3.360996	3.326019	1.076366	0.007654	3.319967	3.324239	3.316852	3.319789	0.000000	0.000000	0.000000	0.000000	0.025721	0.031150	0.023407	0.017978	0.000000	0.000000	5.064278	0	0	-0.057190	-0.057190
38	2.596041	3.328511	3.361263	3.326286	1.072806	0.007654	3.319611	3.323438	3.317208	3.319700	0.000000	0.000000	0.000000	0.000000	0.025098	0.030171	0.022517	0.017533	0.000000	0.000000	5.064189	0	0	-0.055860	-0.057190
39	2.597198	3.328867	3.360640	3.326286	1.068979	0.007654	3.318810	3.323438	3.316852	3.318988	0.000000	0.000000	0.000000	0.000000	0.024920	0.030349	0.023140	0.018245	0.000000	0.000000	5.063121	0	0	-0.057190	-0.057190
3A	2.594083	3.328333	3.360640	3.325574	1.064084	0.007654	3.319077	3.322103	3.316407	3.318454	0.000000	0.000000	0.000000	0.000000	0.025009	0.030972	0.022784	0.018156	0.000000	0.000000	5.062498	0	0	-0.057190	-0.057190
3B	2.594884	3.327443	3.360017	3.324506	1.059812	0.007654	3.318543	3.323171	3.315339	3.318899	0.000000	0.000000	0.000000	0.000000	0.025098	0.030527	0.023407	0.018245	0.000000	0.000000	5.062142	0	0	-0.057190	-0.057190
3C	2.595507	3.327888	3.359572	3.324595	1.054472	0.007654	3.318543	3.321925	3.314449	3.318365	0.000000	0.000000	0.000000	0.000000	0.025187	0.029993	0.022339	0.017889	0.000000	0.000000	5.062676	0	0	-0.057190	-0.057190
3D	2.594884	3.327621	3.360017	3.324684	1.050734	0.007654	3.317297	3.321925	3.314894	3.318543	0.000000	0.000000	0.000000	0.000000	0.024920	0.030616	0.022873	0.018156	0.000000	0.000000	5.062231	0	0	-0.057190	-0.057190
3E	2.595596	3.326998	3.359572	3.324506	1.047085	0.007654	3.317653	3.321124	3.314716	3.317386	0.000000	0.000000	0.000000	0.000000	0.025543	0.031150	0.023585	0.018779	0.000000	0.000000	5.061875	0	0	-0.057190	-0.057190
3F	2.594528	3.327087	3.358860	3.323438	1.043347	0.007654	3.316941	3.321658	3.313648	3.317297	0.000000	0.000000	0.000000	0.000000	0.025632	0.030082	0.023407	0.018779	0.000000	0.000000	5.060629	0	0	-0.057190	-0.057190
40	2.594172	3.326731	3.358415	3.323972	1.038986	0.007654	3.317475	3.321658	3.314449	3.317119	0.000000	0.000000	0.000000	0.000000	0.025632	0.029815	0.023051	0.017444	0.000000	0.000000	5.062320	0	0	-0.057190	-0.057190
41	2.593371	3.326019	3.358237	3.323260	1.035337	0.007654	3.317030	3.320768	3.313203	3.316674	0.000000	0.000000	0.000000	0.000000	0.025365	0.031239	0.023318	0.017177	0.000000	0.000000	5.059917	0	0	-0.057190	-0.057190
42	2.592926	3.326019	3.358148	3.322904	1.031243	0.007654	3.316051	3.320412	3.313292	3.316496	0.000000	0.000000	0.000000	0.000000	0.025098	0.031150	0.023407	0.017266	0.000000	0.000000	5.060006	0	0	-0.057190	-0.057190
43	2.592392	3.325129	3.358059	3.323171	1.027861	0.007654	3.315873	3.319522	3.313025	3.315784	0.000000	0.000000	0.000000	0.000000	0.025454	0.030171	0.023585	0.017800	0.000000	0.000000	5.064367	0	0	-0.057190	-0.057190
44	2.593638	3.325663	3.357080	3.322548	1.024034	0.007654	3.315784	3.320946	3.313559	3.315250	0.000000	0.000000	0.000000	0.000000	0.025276	0.029370	0.023496	0.017978	0.000000	0.000000	5.059561	0	0	-0.055860	-0.057190
45	2.591947	3.325307	3.357347	3.321747	1.019495	0.007654	3.315873	3.319166	3.312847	3.315339	0.000000	0.000000	0.000000	0.000000	0.025009	0.031150	0.023318	0.017266	0.000000	0.000000	5.056268	0	0	-0.057190	-0.057190
46	2.591413	3.324862	3.356635	3.321925	1.016380	0.007654	3.314983	3.318899	3.311868	3.315250	0.000000	0.000000	0.000000	0.000000	0.025721	0.030260	0.022339	0.018067	0.000000	0.000000	5.055556	0	0	-0.057190	-0.057190
47	2.591413	3.324417	3.356991	3.321124	1.012731	0.007654	3.314182	3.318988	3.312313	3.314627	0.000000	0.000000	0.000000	0.000000	0.024742	0.030260	0.023140	0.017800	0.000000	0.000000	5.054844	0	0	-0.057190	-0.057190
48	2.592392	3.324239	3.356991	3.321302	1.009082	0.007654	3.314538	3.318810	3.311512	3.314360	0.000000	0.000000	0.000000	0.000000	0.025098	0.029993	0.023585	0.018067	0.000000	0.000000	5.055645	0	0	-0.057190	-0.057190
49	2.591947	3.323883	3.356101	3.320857	1.005344	0.007654	3.313826	3.318187	3.311245	3.314271	0.000000	0.000000	0.000000	0.000000	0.025098	0.030972	0.023229	0.017266	0.000000	0.000000	5.054399	0	0	-0.057190	-0.057190
4A	2.591146	3.323972	3.356279	3.320323	1.000805	0.007654	3.314093	3.317742	3.311245	3.313648	0.000000	0.000000	0.000000	0.000000	0.025098	0.030260	0.023407	0.017800	0.000000	0.000000	5.056179	0	0	-0.057190	-0.057190
4B	2.590790	3.323082	3.355567	3.320056	0.997423	0.007654	3.313470	3.318187	3.310533	3.313915	0.000000	0.000000	0.000000	0.000000	0.025365	0.029904	0.022784	0.017800	0.000000	0.000000	5.055734	0	0	-0.057190	-0.057190
4C	2.590167	3.323438	3.355656	3.320412	0.994041	0.007654	3.313559	3.317475	3.310622	3.313292	0.000000	0.000000	0.000000	0.000000	0.025098	0.030616	0.022428	0.018067	0.000000	0.000000	5.055645	0	0	-0.057190	-0.057190
4D	2.590078	3.323171	3.355122	3.319967	0.990837	0.007654	3.312669	3.317564	3.309554	3.312669	0.000000	0.000000	0.000000	0.000000	0.025098	0.030082	0.023407	0.017800	0.000000	0.000000	5.055378	0	0	-0.057190	-0.057190
4E	2.589989	3.322815	3.354766	3.319433	0.987544	0.007654	3.313470	3.316852	3.310088	3.312224	0.000000	0.000000	0.000000	0.000000	0.025187	0.031328	0.023674	0.018156	0.000000	0.000000	5.055556	0	0	-0.057190	-0.057190
4F	2.589277	3.321836	3.354855	3.318988	0.984073	0.007654	3.311957	3.316852	3.309554	3.312491	0.000000	0.000000	0.000000	0.000000	0.025810	0.030349	0.024030	0.018067	0.000000	0.000000	5.054488	0	0	-0.057190	-0.057190
50	2.589811	3.322192	3.354588	3.318988	0.981670	0.007654	3.311868	3.316318	3.309732	3.311601	0.000000	0.000000	0.000000	0.000000	0.025098	0.029815	0.023674	0.017711	0.000000	0.000000	5.055378	0	0	-0.057190	-0.057190
51	2.589633	3.321658	3.353965	3.318810	0.977576	0.007654	3.311779	3.316496	3.309020	3.311779	0.000000	0.000000	0.000000	0.000000	0.025365	0.030883	0.023496	0.017533	0.000000	0.000000	5.054844	0	0	-0.057190	-0.057190
52	2.589099	3.321480	3.354054	3.319166	0.974639	0.007654	3.311957	3.316051	3.308575	3.311868	0.000000	0.000000	0.000000	0.000000	0.024920	0.031061	0.023229	0.017355	0.000000	0.000000	5.055823	0	0	-0.057190	-0.057190
53	2.588120	3.320946	3.353876	3.317920	0.970812	0.007654	3.311423	3.316407	3.309109	3.311512	0.000000	0.000000	0.000000	0.000000	0.025543	0.031328	0.023496	0.018245	0.000000	0.000000	5.055734	0	0	-0.057190	-0.057190
54	2.588921	3.321391	3.353342	3.317742	0.968142	0.007654	3.311156	3.315784	3.308753	3.311156	0.000000	0.000000	0.000000	0.000000	0.025187	0.030616	0.022695	0.017978	0.000000	0.000000	5.056001	0	0	-0.057190	-0.057190
55	2.589277	3.320768	3.353965	3.317920	0.963959	0.007654	3.311245	3.314894	3.307774	3.310889	0.000000	0.000000	0.000000	0.000000	0.025454	0.030349	0.022962	0.017711	0.000000	0.000000	5.056446	0	0	-0.057190	-0.057190
56	2.587586	3.320768	3.353698	3.317475	0.961200	0.007654	3.311156	3.315072	3.308041	3.310355	0.000000	0.000000	0.000000	0.000000	0.024653	0.030349	0.023941	0.017978	0.000000	0.000000	5.056980	0	0	-0.057190	-0.057190
57	2.588387	3.320857	3.352630	3.317030	0.958352	0.007654	3.310978	3.314716	3.307596	3.310266	0.000000	0.000000	0.000000	0.000000	0.024742	0.030883	0.023051	0.018334	0.000000	0.000000	5.056268	0	0	-0.057190	-0.057190
58	2.588120	3.319433	3.353164	3.316585	0.954347	0.007654	3.311512	3.314004	3.307329	3.310444	0.000000	0.000000	0.000000	0.000000	0.024920	0.030616	0.023763	0.018245	0.000000	0.000000	5.056001	0	0	-0.057190	-0.057190
59	2.587497	3.319967	3.352541	3.317208	0.951766	0.007654	3.310088	3.313915	3.306706	3.309821	0.000000	0.000000	0.000000	0.000000	0.025009	0.030794	0.023407	0.018245	0.000000	0.000000	5.056713	0	0	-0.057190	-0.057190
5A	2.586963	3.318810	3.351740	3.316051	0.948740	0.007654	3.309376	3.313915	3.306350	3.309999	0.000000	0.000000	0.000000	0.000000	0.024742	0.030527	0.023051	0.018245	0.000000	0.000000	5.056891	0	0	-0.057190	-0.057190
5B	2.586874	3.319522	3.351740	3.315962	0.945447	0.007654	3.309020	3.314093	3.306795	3.309554	0.000000	0.000000	0.000000	0.000000	0.025899	0.031595	0.023496	0.018156	0.000000	0.000000	5.056802	0	0	-0.057190	-0.057190
5C	2.586785	3.319166	3.351740	3.315873	0.941620	0.007654	3.309287	3.313203	3.306261	3.308842	0.000000	0.000000	0.000000	0.000000	0.025365	0.029548	0.023852	0.018334	0.000000	0.000000	5.056624	0	0	-0.057190	-0.057190
5D	2.587408	3.319166	3.351384	3.316051	0.938683	0.007654	3.309198	3.313470	3.305994	3.308842	0.000000	0.000000	0.000000	0.000000	0.025543	0.030260	0.023585	0.017622	0.000000	0.000000	5.056268	0	0	-0.057190	-0.057190
5E	2.585984	3.318276	3.351651	3.315606	0.936369	0.007654	3.308931	3.313381	3.305638	3.308575	0.000000	0.000000	0.000000	0.000000	0.025276	0.031061	0.023407	0.017533	0.000000	0.000000	5.058226	0	0	-0.057190	-0.057190
5F	2.586518	3.318187	3.351206	3.315250	0.933076	0.007654	3.308664	3.312669	3.305905	3.308308	0.000000	0.000000	0.000000	0.000000	0.025098	0.030616	0.023585	0.017889	0.000000	0.000000	5.058671	0	0	-0.057190	-0.057190
60	2.585539	3.317653	3.350049	3.314983	0.929783	0.007654	3.308664	3.312669	3.304748	3.308219	0.000000	0.000000	0.000000	0.000000	0.025632	0.030794	0.022606	0.018423	0.000000	0.000000	5.058938	0	0	-0.057190	-0.057190
61	2.585895	3.317831	3.350316	3.315072	0.926312	0.007654	3.307952	3.312580	3.304748	3.308219	0.000000	0.000000	0.000000	0.000000	0.025187	0.030171	0.022517	0.018156	0.000000	0.000000	5.058404	0	0	-0.057190	-0.057190
62	2.585361	3.317831	3.350049	3.314004	0.923820	0.007654	3.308308	3.311868	3.305015	3.307329	0.000000	0.000000	0.000000	0.000000	0.025009	0.031684	0.023496	0.017622	0.000000	0.000000	5.058671	0	0	-0.057190	-0.057190
63	2.584827	3.317653	3.350138	3.314538	0.921239	0.007654	3.307151	3.312491	3.304125	3.308130	0.000000	0.000000	0.000000	0.000000	0.025365	0.030616	0.023407	0.018156	0.000000	0.000000	5.059650	0	0	-0.057190	-0.057190
64	2.584738	3.317030	3.350049	3.313737	0.918302	0.007654	3.306884	3.311601	3.304392	3.306973	0.000000	0.000000	0.000000	0.000000	0.024742	0.030972	0.022873	0.018601	0.000000	0.000000	5.059472	0	0	-0.057190	-0.057190
65	2.585183	3.317297	3.349960	3.314360	0.915543	0.007654	3.306884	3.311423	3.303680	3.306706	0.000000	0.000000	0.000000	0.000000	0.024653	0.031150	0.023051	0.017889	0.000000	0.000000	5.059917	0	0	-0.057190	-0.057190
66	2.585183	3.316496	3.349159	3.313292	0.911894	0.007654	3.306617	3.310978	3.303324	3.306439	0.000000	0.000000	0.000000	0.000000	0.024831	0.030972	0.023763	0.017355	0.000000	0.000000	5.060184	0	0	-0.057190	-0.057190
67	2.584471	3.316763	3.348981	3.313381	0.909580	0.007654	3.306617	3.311245	3.303413	3.306884	0.000000	0.000000	0.000000	0.000000	0.024653	0.030794	0.023229	0.017711	0.000000	0.000000	5.059383	0	0	-0.057190	-0.057190
68	2.584738	3.316585	3.349159	3.312491	0.908245	0.007654	3.306617	3.311156	3.303502	3.306439	0.000000	0.000000	0.000000	0.000000	0.024742	0.030972	0.023407	0.018156	0.000000	0.000000	5.060451	0	0	-0.057190	-0.057190
69	2.584649	3.315784	3.348892	3.312758	0.907444	0.007654	3.305905	3.310533	3.303146	3.305816	0.000000	0.000000	0.000000	0.000000	0.024920	0.030883	0.023496	0.018512	0.000000	0.000000	5.060006	0	0	-0.057190	-0.057190
6A	2.584738	3.315517	3.348625	3.312491	0.904596	0.007654	3.306350	3.310266	3.303502	3.305460	0.000000	0.000000	0.000000	0.000000	0.024920	0.029993	0.023852	0.017266	0.000000	0.000000	5.059561	0	0	-0.057190	-0.057190
6B	2.583225	3.315517	3.348447	3.312313	0.901748	0.007654	3.305549	3.310355	3.302701	3.305193	0.000000	0.000000	0.000000	0.000000	0.025098	0.031061	0.023496	0.017533	0.000000	0.000000	5.061519	0	0	-0.057190	-0.057190
6C	2.583047	3.314805	3.348447	3.311868	0.899167	0.007654	3.304748	3.310622	3.302256	3.305104	0.000000	0.000000	0.000000	0.000000	0.025009	0.031061	0.023318	0.018601	0.000000	0.000000	5.060629	0	0	-0.057190	-0.057190
6D	2.584471	3.314538	3.348180	3.311690	0.896853	0.007654	3.305371	3.309643	3.302256	3.305104	0.000000	0.000000	0.000000	0.000000	0.024475	0.031239	0.022428	0.018067	0.000000	0.000000	5.060184	0	0	-0.057190	-0.057190
6E	2.583403	3.314538	3.346845	3.311601	0.894895	0.007654	3.304570	3.309198	3.301989	3.305282	0.000000	0.000000	0.000000	0.000000	0.025276	0.030794	0.023585	0.016999	0.000000	0.000000	5.059739	0	0	-0.057190	-0.057190
6F	2.582602	3.314627	3.347735	3.311423	0.892047	0.007654	3.304481	3.309198	3.301811	3.305282	0.000000	0.000000	0.000000	0.000000	0.024742	0.031150	0.023318	0.018156	0.000000	0.000000	5.059917	0	0	-0.057190	-0.057190
70	2.582958	3.314716	3.347201	3.310800	0.890178	0.007654	3.304570	3.308931	3.301544	3.304303	0.000000	0.000000	0.000000	0.000000	0.025098	0.030972	0.023407	0.018067	0.000000	0.000000	5.059739	0	0	-0.057190	-0.057190
71	2.582780	3.314093	3.346934	3.310978	0.887152	0.007654	3.304481	3.309198	3.301099	3.304036	0.000000	0.000000	0.000000	0.000000	0.025098	0.031150	0.023407	0.017444	0.000000	0.000000	5.060006	0	0	-0.057190	-0.057190
72	2.582246	3.314093	3.346934	3.310711	0.884749	0.007654	3.304392	3.308753	3.301188	3.303324	0.000000	0.000000	0.000000	0.000000	0.024564	0.030705	0.023140	0.017889	0.000000	0.000000	5.059828	0	0	-0.057190	-0.057190
73	2.581178	3.313915	3.346489	3.311067	0.882079	0.007654	3.303858	3.308753	3.301010	3.304481	0.000000	0.000000	0.000000	0.000000	0.025276	0.030705	0.023140	0.018156	0.000000	0.000000	5.059294	0	0	-0.057190	-0.057190
74	2.581534	3.313648	3.346667	3.310266	0.879320	0.007654	3.304036	3.308041	3.300476	3.303324	0.000000	0.000000	0.000000	0.000000	0.025276	0.031061	0.023674	0.017800	0.000000	0.000000	5.058582	0	0	-0.057190	-0.057190
75	2.581534	3.313648	3.346489	3.310088	0.876294	0.007654	3.303235	3.307774	3.300921	3.304125	0.000000	0.000000	0.000000	0.000000	0.025098	0.031328	0.023585	0.018067	0.000000	0.000000	5.058048	0	0	-0.057190	-0.057190
76	2.580644	3.313203	3.345955	3.309999	0.874247	0.007654	3.303324	3.308397	3.299942	3.303591	0.000000	0.000000	0.000000	0.000000	0.025454	0.030527	0.022606	0.018067	0.000000	0.000000	5.057959	0	0	-0.057190	-0.057190
77	2.581445	3.313025	3.346489	3.310177	0.871755	0.007654	3.302968	3.307418	3.299942	3.302879	0.000000	0.000000	0.000000	0.000000	0.025009	0.030527	0.023051	0.017889	0.000000	0.000000	5.057959	0	0	-0.057190	-0.057190
78	2.581890	3.313025	3.345866	3.309376	0.868551	0.007654	3.302701	3.308308	3.300743	3.301989	0.000000	0.000000	0.000000	0.000000	0.024831	0.029993	0.023496	0.018423	0.000000	0.000000	5.056535	0	0	-0.057190	-0.057190
79	2.580110	3.312580	3.345599	3.309109	0.866949	0.007654	3.302879	3.307240	3.300476	3.301989	0.000000	0.000000	0.000000	0.000000	0.025365	0.030438	0.023229	0.017355	0.000000	0.000000	5.056179	0	0	-0.057190	-0.057190
7A	2.579665	3.312046	3.345154	3.309109	0.864279	0.007654	3.302790	3.307151	3.299764	3.301989	0.000000	0.000000	0.000000	0.000000	0.025187	0.030794	0.023585	0.017622	0.000000	0.000000	5.056891	0	0	-0.057190	-0.057190
7B	2.579932	3.312135	3.345421	3.309287	0.862054	0.007654	3.301900	3.306884	3.299408	3.301722	0.000000	0.000000	0.000000	0.000000	0.024920	0.030438	0.022962	0.017800	0.000000	0.000000	5.056802	0	0	-0.057190	-0.057190
7C	2.579576	3.312224	3.345243	3.308753	0.859117	0.007654	3.301722	3.306795	3.299141	3.301811	0.000000	0.000000	0.000000	0.000000	0.025454	0.030082	0.023941	0.017978	0.000000	0.000000	5.055556	0	0	-0.057190	-0.057190
7D	2.580199	3.312669	3.344353	3.308753	0.857248	0.007654	3.301900	3.306172	3.299230	3.301811	0.000000	0.000000	0.000000	0.000000	0.025276	0.030082	0.023674	0.017889	0.000000	0.000000	5.055556	0	0	-0.057190	-0.057190
7E	2.578953	3.311690	3.344086	3.308575	0.854934	0.007654	3.301633	3.306261	3.298340	3.301099	0.000000	0.000000	0.000000	0.000000	0.024920	0.031239	0.023318	0.018512	0.000000	0.000000	5.054933	0	0	-0.057190	-0.057190
7F	2.579665	3.311957	3.344175	3.308219	0.851908	0.007654	3.300921	3.306528	3.298340	3.301544	0.000000	0.000000	0.000000	0.000000	0.025009	0.030527	0.022695	0.017889	0.000000	0.000000	5.054310	0	0	-0.057190	-0.057190
80	2.579309	3.311779	3.344353	3.308130	0.849683	0.007654	3.300832	3.306172	3.298518	3.301277	0.000000	0.000000	0.000000	0.000000	0.025009	0.030794	0.023496	0.017711	0.000000	0.000000	5.054399	0	0	-0.057190	-0.057190
81	2.578864	3.311067	3.343552	3.308219	0.847191	0.007654	3.300921	3.306083	3.297984	3.301188	0.000000	0.000000	0.000000	0.000000	0.025009	0.031239	0.023496	0.017800	0.000000	0.000000	5.054844	0	0	-0.057190	-0.057190
82	2.579042	3.310711	3.343997	3.307863	0.844343	0.007654	3.300654	3.305816	3.298073	3.300743	0.000000	0.000000	0.000000	0.000000	0.025098	0.030794	0.023674	0.017622	0.000000	0.000000	5.053954	0	0	-0.057190	-0.057190
83	2.579042	3.310800	3.343819	3.307952	0.842207	0.007654	3.301010	3.305371	3.297450	3.301010	0.000000	0.000000	0.000000	0.000000	0.024475	0.030260	0.022695	0.018156	0.000000	0.000000	5.053064	0	0	-0.057190	-0.057190
84	2.579754	3.310978	3.342929	3.307863	0.840338	0.007654	3.300832	3.305371	3.297361	3.300832	0.000000	0.000000	0.000000	0.000000	0.025276	0.030794	0.023496	0.017889	0.000000	0.000000	5.052530	0	0	-0.057190	-0.057190
85	2.578953	3.310355	3.343018	3.306884	0.837935	0.007654	3.300387	3.304659	3.297450	3.300476	0.000000	0.000000	0.000000	0.000000	0.025365	0.030349	0.023674	0.018067	0.000000	0.000000	5.053331	0	0	-0.057190	-0.057190
86	2.578597	3.310355	3.343107	3.307418	0.836155	0.007654	3.300209	3.305371	3.297450	3.300387	0.000000	0.000000	0.000000	0.000000	0.025187	0.030171	0.023140	0.017889	0.000000	0.000000	5.052085	0	0	-0.057190	-0.057190
87	2.577796	3.310533	3.342573	3.306617	0.833574	0.007654	3.299764	3.305015	3.296916	3.300031	0.000000	0.000000	0.000000	0.000000	0.025543	0.030705	0.023674	0.017622	0.000000	0.000000	5.053331	0	0	-0.057190	-0.057190
88	2.578241	3.309732	3.342217	3.307062	0.831349	0.007654	3.300031	3.304837	3.296471	3.299853	0.000000	0.000000	0.000000	0.000000	0.025454	0.031150	0.023496	0.018512	0.000000	0.000000	5.052797	0	0	-0.057190	-0.057190
89	2.577529	3.309109	3.342395	3.306528	0.828501	0.007654	3.299675	3.304303	3.296293	3.299853	0.000000	0.000000	0.000000	0.000000	0.024208	0.029904	0.022962	0.017978	0.000000	0.000000	5.052530	0	0	-0.057190	-0.057190
8A	2.577974	3.309910	3.342039	3.306172	0.826365	0.007654	3.300298	3.303680	3.295759	3.299497	0.000000	0.000000	0.000000	0.000000	0.025098	0.029993	0.023585	0.017978	0.000000	0.000000	5.051818	0	0	-0.057190	-0.057190
8B	2.577440	3.309821	3.341683	3.306528	0.824229	0.007654	3.299319	3.303413	3.296649	3.299408	0.000000	0.000000	0.000000	0.000000	0.025276	0.030794	0.023585	0.018156	0.000000	0.000000	5.051729	0	0	-0.057190	-0.057190
8C	2.577885	3.309287	3.342039	3.305549	0.821826	0.007654	3.299497	3.304481	3.295759	3.299141	0.000000	0.000000	0.000000	0.000000	0.024920	0.029726	0.021805	0.018245	0.000000	0.000000	5.052263	0	0	-0.057190	-0.057190
8D	2.577885	3.309020	3.341950	3.305816	0.819601	0.007654	3.299052	3.303680	3.296471	3.298785	0.000000	0.000000	0.000000	0.000000	0.025187	0.031061	0.023585	0.018423	0.000000	0.000000	5.051729	0	0	-0.057190	-0.057190
8E	2.577440	3.308486	3.340793	3.305104	0.817465	0.007654	3.298518	3.303502	3.296026	3.298696	0.000000	0.000000	0.000000	0.000000	0.025098	0.030972	0.023318	0.018245	0.000000	0.000000	5.052263	0	0	-0.057190	-0.057190
8F	2.576728	3.308130	3.341683	3.305727	0.815329	0.007654	3.299052	3.302790	3.295314	3.298696	0.000000	0.000000	0.000000	0.000000	0.024475	0.031061	0.023585	0.018156	0.000000	0.000000	5.052263	0	0	-0.057190	-0.057190
90	2.576817	3.308219	3.340882	3.304125	0.813282	0.007654	3.298607	3.303769	3.295581	3.297717	0.000000	0.000000	0.000000	0.000000	0.024920	0.030082	0.023763	0.018334	0.000000	0.000000	5.052352	0	0	-0.057190	-0.057190
91	2.576995	3.307774	3.340259	3.304837	0.811413	0.007654	3.298251	3.303235	3.295314	3.298340	0.000000	0.000000	0.000000	0.000000	0.026077	0.030260	0.022962	0.017889	0.000000	0.000000	5.051462	0	0	-0.057190	-0.057190
92	2.576461	3.308219	3.341149	3.304481	0.808832	0.007654	3.298073	3.302612	3.295670	3.298162	0.000000	0.000000	0.000000	0.000000	0.025098	0.030972	0.023229	0.018334	0.000000	0.000000	5.052174	0	0	-0.057190	-0.057190
93	2.576105	3.307685	3.341060	3.305015	0.806963	0.007654	3.297361	3.301900	3.294691	3.298340	0.000000	0.000000	0.000000	0.000000	0.025632	0.029993	0.023496	0.017800	0.000000	0.000000	5.052530	0	0	-0.057190	-0.057190
94	2.576105	3.307418	3.341060	3.304125	0.804738	0.007654	3.298162	3.302434	3.294513	3.297539	0.000000	0.000000	0.000000	0.000000	0.025454	0.030794	0.023496	0.017889	0.000000	0.000000	5.053064	0	0	-0.057190	-0.057190
95	2.575927	3.307240	3.340704	3.304125	0.802958	0.007654	3.297717	3.302345	3.294335	3.297628	0.000000	0.000000	0.000000	0.000000	0.025187	0.030349	0.023585	0.018156	0.000000	0.000000	5.051907	0	0	-0.057190	-0.057190
96	2.575393	3.308397	3.340170	3.304214	0.800733	0.007654	3.297450	3.301277	3.294424	3.297272	0.000000	0.000000	0.000000	0.000000	0.024653	0.029726	0.023496	0.017622	0.000000	0.000000	5.052975	0	0	-0.057190	-0.057190
97	2.574948	3.307151	3.339903	3.303947	0.798775	0.007654	3.297094	3.301722	3.294602	3.297361	0.000000	0.000000	0.000000	0.000000	0.024653	0.030438	0.023229	0.018334	0.000000	0.000000	5.053064	0	0	-0.057190	-0.057190
98	2.575126	3.306973	3.340081	3.303591	0.795838	0.007654	3.297628	3.301544	3.293623	3.297183	0.000000	0.000000	0.000000	0.000000	0.025543	0.030972	0.023318	0.018334	0.000000	0.000000	5.053331	0	0	-0.057190	-0.057190
99	2.574592	3.306795	3.340081	3.304036	0.794770	0.007654	3.297094	3.301455	3.293712	3.297272	0.000000	0.000000	0.000000	0.000000	0.024920	0.030527	0.023051	0.017711	0.000000	0.000000	5.052886	0	0	-0.057190	-0.057190
9A	2.574325	3.306706	3.339369	3.304036	0.792278	0.007654	3.296738	3.301277	3.293356	3.297005	0.000000	0.000000	0.000000	0.000000	0.024208	0.029904	0.023585	0.018156	0.000000	0.000000	5.052886	0	0	-0.057190	-0.057190
9B	2.574503	3.306617	3.338835	3.303146	0.790498	0.007654	3.296115	3.300743	3.293534	3.296649	0.000000	0.000000	0.000000	0.000000	0.024742	0.030883	0.023318	0.018423	0.000000	0.000000	5.053954	0	0	-0.057190	-0.057190
9C	2.575037	3.305994	3.340170	3.303057	0.788273	0.007654	3.297005	3.300565	3.292911	3.296026	0.000000	0.000000	0.000000	0.000000	0.024564	0.030349	0.023407	0.018067	0.000000	0.000000	5.054755	0	0	-0.057190	-0.057190
9D	2.574681	3.306261	3.339102	3.304303	0.786048	0.007654	3.296471	3.300209	3.293178	3.296738	0.000000	0.000000	0.000000	0.000000	0.025365	0.030082	0.023585	0.017711	0.000000	0.000000	5.054666	0	0	-0.057190	-0.057190
9E	2.574948	3.305638	3.338924	3.302523	0.784001	0.007654	3.296471	3.300387	3.293445	3.296026	0.000000	0.000000	0.000000	0.000000	0.025276	0.031506	0.023585	0.017533	0.000000	0.000000	5.053865	0	0	-0.057190	-0.057190
9F	2.574414	3.305905	3.337500	3.302434	0.781598	0.007654	3.295581	3.300209	3.292822	3.295848	0.000000	0.000000	0.000000	0.000000	0.025365	0.030883	0.023763	0.018245	0.000000	0.000000	5.054577	0	0	-0.057190	-0.057190
A0	2.574414	3.305994	3.338212	3.302167	0.779907	0.007654	3.295581	3.300387	3.292466	3.295403	0.000000	0.000000	0.000000	0.000000	0.025098	0.030260	0.023318	0.018512	0.000000	0.000000	5.054933	0	0	-0.057190	-0.057190
A1	2.574503	3.305282	3.338212	3.302256	0.777949	0.007654	3.295937	3.300120	3.292733	3.295314	0.000000	0.000000	0.000000	0.000000	0.025365	0.031150	0.022606	0.018067	0.000000	0.000000	5.056001	0	0	-0.057190	-0.057190
A2	2.574414	3.305193	3.338212	3.302345	0.776258	0.007654	3.295314	3.299853	3.291754	3.295581	0.000000	0.000000	0.000000	0.000000	0.025454	0.030616	0.023229	0.017266	0.000000	0.000000	5.056001	0	0	-0.057190	-0.057190
A3	2.572456	3.304748	3.338301	3.302879	0.774033	0.007654	3.295225	3.300476	3.292822	3.294780	0.000000	0.000000	0.000000	0.000000	0.025276	0.030260	0.023585	0.017622	0.000000	0.000000	5.055645	0	0	-0.057190	-0.057190
A4	2.573079	3.304748	3.337945	3.302256	0.772164	0.007654	3.295225	3.299675	3.291487	3.295314	0.000000	0.000000	0.000000	0.000000	0.024831	0.029548	0.022250	0.017711	0.000000	0.000000	5.056090	0	0	-0.057190	-0.057190
A5	2.573079	3.304570	3.337678	3.301633	0.770295	0.007654	3.294602	3.299675	3.291932	3.294602	0.000000	0.000000	0.000000	0.000000	0.024564	0.030705	0.023407	0.017800	0.000000	0.000000	5.056446	0	0	-0.057190	-0.057190
A6	2.573257	3.304125	3.337678	3.301811	0.768070	0.007654	3.294869	3.299497	3.291754	3.294424	0.000000	0.000000	0.000000	0.000000	0.024920	0.030616	0.023407	0.017266	0.000000	0.000000	5.055645	0	0	-0.057190	-0.057190
A7	2.572901	3.304392	3.337678	3.301544	0.765311	0.007654	3.294424	3.299408	3.291309	3.294780	0.000000	0.000000	0.000000	0.000000	0.024742	0.029904	0.023407	0.017800	0.000000	0.000000	5.055645	0	0	-0.057190	-0.057190
A8	2.572723	3.304659	3.336788	3.300921	0.764510	0.007654	3.294691	3.298963	3.291220	3.294424	0.000000	0.000000	0.000000	0.000000	0.024564	0.030527	0.022962	0.018067	0.000000	0.000000	5.055912	0	0	-0.057190	-0.057190
A9	2.573702	3.303947	3.337322	3.301010	0.761751	0.007654	3.294691	3.298874	3.291576	3.294246	0.000000	0.000000	0.000000	0.000000	0.025276	0.030260	0.023140	0.017889	0.000000	0.000000	5.055556	0	0	-0.057190	-0.057190
AA	2.572367	3.303680	3.337233	3.301455	0.760505	0.007654	3.294068	3.298963	3.290953	3.294780	0.000000	0.000000	0.000000	0.000000	0.025365	0.029726	0.023407	0.017355	0.000000	0.000000	5.055734	0	0	-0.057190	-0.057190
AB	2.571655	3.303858	3.337055	3.300832	0.759170	0.007654	3.294246	3.298874	3.291220	3.293890	0.000000	0.000000	0.000000	0.000000	0.025009	0.030349	0.023318	0.018245	0.000000	0.000000	5.054844	0	0	-0.057190	-0.057190
AC	2.572990	3.303502	3.337322	3.300743	0.756233	0.007654	3.294424	3.298874	3.290864	3.293801	0.000000	0.000000	0.000000	0.000000	0.024386	0.029993	0.023407	0.017622	0.000000	0.000000	5.056001	0	0	-0.057190	-0.057190
AD	2.573524	3.303324	3.336699	3.300832	0.754186	0.007654	3.293979	3.298696	3.290508	3.293712	0.000000	0.000000	0.000000	0.000000	0.025187	0.031239	0.023318	0.018156	0.000000	0.000000	5.055823	0	0	-0.057190	-0.057190
AE	2.571655	3.302523	3.336432	3.300476	0.752762	0.007654	3.293801	3.298162	3.290063	3.292911	0.000000	0.000000	0.000000	0.000000	0.024564	0.031150	0.022873	0.017622	0.000000	0.000000	5.056535	0	0	-0.057190	-0.057190
AF	2.572545	3.303146	3.336254	3.299942	0.750715	0.007654	3.293712	3.298607	3.290419	3.293089	0.000000	0.000000	0.000000	0.000000	0.024831	0.029815	0.023852	0.018156	0.000000	0.000000	5.055734	0	0	-0.057190	-0.057190
B0	2.571744	3.303680	3.336165	3.299942	0.748846	0.007654	3.293000	3.298340	3.289974	3.292911	0.000000	0.000000	0.000000	0.000000	0.024831	0.030438	0.022695	0.018156	0.000000	0.000000	5.055912	0	0	-0.057190	-0.057190
B1	2.570943	3.303057	3.335898	3.300209	0.747600	0.007654	3.292733	3.298251	3.289618	3.292911	0.000000	0.000000	0.000000	0.000000	0.025187	0.030705	0.022784	0.018334	0.000000	0.000000	5.056891	0	0	-0.057190	-0.057190
B2	2.571922	3.302701	3.335542	3.299408	0.745108	0.007654	3.293178	3.297272	3.289529	3.293000	0.000000	0.000000	0.000000	0.000000	0.025543	0.030438	0.022873	0.018334	0.000000	0.000000	5.056535	0	0	-0.057190	-0.057190
B3	2.570765	3.302523	3.335542	3.299586	0.743417	0.007654	3.293000	3.297361	3.289707	3.292733	0.000000	0.000000	0.000000	0.000000	0.024742	0.031150	0.023318	0.017978	0.000000	0.000000	5.057069	0	0	-0.057190	-0.057190
B4	2.571388	3.302612	3.335720	3.299408	0.741815	0.007654	3.292555	3.297094	3.289885	3.292644	0.000000	0.000000	0.000000	0.000000	0.025632	0.030260	0.022962	0.018156	0.000000	0.000000	5.056357	0	0	-0.057190	-0.057190
B5	2.571032	3.301722	3.334830	3.299586	0.739857	0.007654	3.292021	3.297272	3.289618	3.293000	0.000000	0.000000	0.000000	0.000000	0.025632	0.030438	0.023051	0.017711	0.000000	0.000000	5.056891	0	0	-0.057190	-0.057190
B6	2.569964	3.302078	3.336076	3.299408	0.736920	0.007654	3.292021	3.296916	3.288817	3.292555	0.000000	0.000000	0.000000	0.000000	0.024831	0.031506	0.021894	0.017889	0.000000	0.000000	5.056891	0	0	-0.057190	-0.057190
B7	2.570053	3.302167	3.335542	3.298073	0.735941	0.007654	3.291843	3.296204	3.289084	3.292644	0.000000	0.000000	0.000000	0.000000	0.025009	0.031328	0.023318	0.017533	0.000000	0.000000	5.056090	0	0	-0.057190	-0.057190
B8	2.570498	3.301633	3.335542	3.298340	0.733538	0.007654	3.292110	3.296204	3.289084	3.292199	0.000000	0.000000	0.000000	0.000000	0.025276	0.030438	0.021627	0.018067	0.000000	0.000000	5.056980	0	0	-0.057190	-0.057190
B9	2.570765	3.301900	3.334474	3.298607	0.732025	0.007654	3.291754	3.296382	3.288995	3.292021	0.000000	0.000000	0.000000	0.000000	0.025365	0.031328	0.023318	0.017355	0.000000	0.000000	5.057247	0	0	-0.057190	-0.057190
BA	2.569608	3.301722	3.334919	3.298340	0.730868	0.007654	3.291042	3.296649	3.287927	3.291843	0.000000	0.000000	0.000000	0.000000	0.024653	0.031595	0.023407	0.018512	0.000000	0.000000	5.056802	0	0	-0.057190	-0.057190
BB	2.569608	3.301722	3.334563	3.298963	0.728376	0.007654	3.291843	3.296204	3.288461	3.291754	0.000000	0.000000	0.000000	0.000000	0.025365	0.030171	0.023051	0.017622	0.000000	0.000000	5.057336	0	0	-0.057190	-0.057190
BC	2.569608	3.301633	3.333851	3.297984	0.726507	0.007654	3.291487	3.296293	3.288550	3.291665	0.000000	0.000000	0.000000	0.000000	0.025009	0.030527	0.023496	0.018512	0.000000	0.000000	5.056624	0	0	-0.057190	-0.057190
BD	2.570053	3.300832	3.334118	3.297984	0.725083	0.007654	3.291131	3.296026	3.287838	3.290864	0.000000	0.000000	0.000000	0.000000	0.025098	0.030705	0.023140	0.018245	0.000000	0.000000	5.057158	0	0	-0.057190	-0.057190
BE	2.569341	3.300832	3.334296	3.297806	0.723125	0.007654	3.291487	3.296293	3.287927	3.291131	0.000000	0.000000	0.000000	0.000000	0.024742	0.030616	0.023585	0.017533	0.000000	0.000000	5.056980	0	0	-0.057190	-0.057190
BF	2.569519	3.300387	3.333851	3.297806	0.721345	0.007654	3.291309	3.295759	3.287749	3.291131	0.000000	0.000000	0.000000	0.000000	0.024831	0.030705	0.023407	0.017711	0.000000	0.000000	5.056268	0	0	-0.057190	-0.057190
C0	2.569074	3.300921	3.332427	3.297539	0.720366	0.007654	3.291042	3.295581	3.287393	3.290686	0.000000	0.000000	0.000000	0.000000	0.024920	0.029815	0.023674	0.017978	0.000000	0.000000	5.056713	0	0	-0.057190	-0.057190
C1	2.569074	3.301277	3.333851	3.297806	0.717874	0.007654	3.291398	3.295492	3.288016	3.291220	0.000000	0.000000	0.000000	0.000000	0.024742	0.030705	0.023140	0.018156	0.000000	0.000000	5.056090	0	0	-0.057190	-0.057190
C2	2.569608	3.300565	3.333317	3.297895	0.716183	0.007654	3.290152	3.295136	3.287215	3.290864	0.000000	0.000000	0.000000	0.000000	0.025098	0.030438	0.022517	0.017978	0.000000	0.000000	5.056802	0	0	-0.057190	-0.057190
C3	2.568896	3.300565	3.333317	3.297539	0.714759	0.007654	3.290864	3.295314	3.287482	3.290775	0.000000	0.000000	0.000000	0.000000	0.024831	0.031061	0.023407	0.018067	0.000000	0.000000	5.056268	0	0	-0.057190	-0.057190
C4	2.568540	3.300565	3.333317	3.297539	0.713602	0.007654	3.290330	3.295581	3.287660	3.290686	0.000000	0.000000	0.000000	0.000000	0.024831	0.030794	0.023229	0.017800	0.000000	0.000000	5.056446	0	0	-0.057190	-0.057190
C5	2.568807	3.300120	3.333406	3.297717	0.711021	0.007654	3.290419	3.294958	3.287126	3.290775	0.000000	0.000000	0.000000	0.000000	0.024831	0.030705	0.023674	0.017889	0.000000	0.000000	5.056802	0	0	-0.057190	-0.057190
C6	2.568985	3.300387	3.333050	3.296471	0.709775	0.007654	3.290241	3.295136	3.286592	3.289796	0.000000	0.000000	0.000000	0.000000	0.025009	0.030438	0.021894	0.017711	0.000000	0.000000	5.056624	0	0	-0.057190	-0.057190
C7	2.568095	3.299764	3.332694	3.296738	0.707728	0.007654	3.290152	3.294780	3.286681	3.289885	0.000000	0.000000	0.000000	0.000000	0.025454	0.030794	0.023674	0.018067	0.000000	0.000000	5.056446	0	0	-0.057190	-0.057190
C8	2.567917	3.299942	3.332427	3.296471	0.706126	0.007654	3.289707	3.294424	3.287215	3.289974	0.000000	0.000000	0.000000	0.000000	0.024831	0.030616	0.023051	0.018334	0.000000	0.000000	5.055912	0	0	-0.057190	-0.057190
C9	2.567650	3.300031	3.332783	3.296916	0.704880	0.007654	3.289529	3.294424	3.286414	3.289351	0.000000	0.000000	0.000000	0.000000	0.025454	0.030082	0.023674	0.018067	0.000000	0.000000	5.056713	0	0	-0.057190	-0.057190
CA	2.569074	3.299942	3.332783	3.296204	0.703011	0.007654	3.289262	3.294780	3.286503	3.289618	0.000000	0.000000	0.000000	0.000000	0.025276	0.030438	0.023496	0.017622	0.000000	0.000000	5.056624	0	0	-0.057190	-0.057190
CB	2.567294	3.298963	3.332605	3.295937	0.701498	0.007654	3.289262	3.293979	3.285880	3.288995	0.000000	0.000000	0.000000	0.000000	0.025632	0.029993	0.023140	0.018156	0.000000	0.000000	5.056624	0	0	-0.057190	-0.057190
CC	2.568807	3.298963	3.332694	3.295403	0.699807	0.007654	3.289796	3.293712	3.286236	3.289618	0.000000	0.000000	0.000000	0.000000	0.024920	0.031328	0.023407	0.018601	0.000000	0.000000	5.057514	0	0	-0.057190	-0.057190
CD	2.567027	3.298785	3.331893	3.295848	0.698205	0.007654	3.288995	3.293712	3.285791	3.289618	0.000000	0.000000	0.000000	0.000000	0.025454	0.030883	0.023674	0.017889	0.000000	0.000000	5.056980	0	0	-0.057190	-0.057190
CE	2.568006	3.298785	3.331626	3.296204	0.696247	0.007654	3.288906	3.294068	3.285969	3.288906	0.000000	0.000000	0.000000	0.000000	0.025810	0.030527	0.023407	0.017978	0.000000	0.000000	5.056980	0	0	-0.057190	-0.057190
CF	2.567116	3.298607	3.331626	3.296382	0.694823	0.007654	3.289618	3.293534	3.286414	3.288550	0.000000	0.000000	0.000000	0.000000	0.024386	0.029815	0.022072	0.017800	0.000000	0.000000	5.056268	0	0	-0.057190	-0.057190
D0	2.566760	3.298785	3.332071	3.296382	0.693132	0.007654	3.288372	3.293979	3.286147	3.288817	0.000000	0.000000	0.000000	0.000000	0.025009	0.030438	0.023407	0.018156	0.000000	0.000000	5.056357	0	0	-0.057190	-0.057190
D1	2.567739	3.298251	3.332071	3.295759	0.691530	0.007654	3.289173	3.293267	3.286147	3.288194	0.000000	0.000000	0.000000	0.000000	0.025098	0.031150	0.023585	0.017533	0.000000	0.000000	5.055734	0	0	-0.057190	-0.057190
D2	2.566493	3.298429	3.332071	3.295759	0.690462	0.007654	3.288283	3.293534	3.285079	3.289173	0.000000	0.000000	0.000000	0.000000	0.024920	0.031150	0.023229	0.018423	0.000000	0.000000	5.056446	0	0	-0.057190	-0.057190
D3	2.566404	3.298073	3.331181	3.295403	0.688771	0.007654	3.288906	3.293445	3.284990	3.288461	0.000000	0.000000	0.000000	0.000000	0.024475	0.029904	0.023852	0.018067	0.000000	0.000000	5.056802	0	0	-0.057190	-0.057190
D4	2.566226	3.297895	3.330647	3.295492	0.687169	0.007654	3.288372	3.292822	3.285257	3.287927	0.000000	0.000000	0.000000	0.000000	0.024831	0.030972	0.023763	0.018067	0.000000	0.000000	5.056001	0	0	-0.057190	-0.057190
D5	2.566226	3.298162	3.331181	3.294869	0.685656	0.007654	3.287660	3.292644	3.284990	3.287927	0.000000	0.000000	0.000000	0.000000	0.025454	0.031061	0.023318	0.018690	0.000000	0.000000	5.056090	0	0	-0.057190	-0.057190
D6	2.566137	3.298785	3.330914	3.294780	0.684054	0.007654	3.288283	3.293356	3.284990	3.287927	0.000000	0.000000	0.000000	0.000000	0.024742	0.030883	0.023229	0.017978	0.000000	0.000000	5.055378	0	0	-0.057190	-0.057190
D7	2.566404	3.297539	3.331003	3.295225	0.682630	0.007654	3.288550	3.292199	3.284634	3.288016	0.000000	0.000000	0.000000	0.000000	0.024831	0.030527	0.023140	0.017533	0.000000	0.000000	5.056535	0	0	-0.057190	-0.057190
D8	2.566048	3.297361	3.330914	3.295136	0.680583	0.007654	3.287838	3.292555	3.284545	3.287660	0.000000	0.000000	0.000000	0.000000	0.025098	0.030794	0.023407	0.018156	0.000000	0.000000	5.055111	0	0	-0.057190	-0.057190
D9	2.566226	3.298429	3.331092	3.293890	0.679070	0.007654	3.288016	3.292110	3.284901	3.287482	0.000000	0.000000	0.000000	0.000000	0.025276	0.030883	0.023318	0.017889	0.000000	0.000000	5.055378	0	0	-0.057190	-0.057190
DA	2.565514	3.297539	3.330736	3.294602	0.677201	0.007654	3.287660	3.292644	3.284189	3.287482	0.000000	0.000000	0.000000	0.000000	0.025009	0.030883	0.023051	0.017978	0.000000	0.000000	5.054933	0	0	-0.057190	-0.057190
DB	2.566671	3.297539	3.331003	3.294780	0.675688	0.007654	3.287037	3.292377	3.284545	3.287482	0.000000	0.000000	0.000000	0.000000	0.024653	0.030171	0.023229	0.017889	0.000000	0.000000	5.053776	0	0	-0.057190	-0.057190
DC	2.565692	3.297183	3.330558	3.293979	0.673641	0.007654	3.287482	3.292021	3.284011	3.287304	0.000000	0.000000	0.000000	0.000000	0.025098	0.030794	0.023496	0.017711	0.000000	0.000000	5.053509	0	0	-0.057190	-0.057190
DD	2.565514	3.297361	3.330291	3.293890	0.671950	0.007654	3.287037	3.292288	3.283833	3.286414	0.000000	0.000000	0.000000	0.000000	0.025009	0.030349	0.022606	0.018067	0.000000	0.000000	5.052708	0	0	-0.057190	-0.057190
DE	2.564624	3.296738	3.330469	3.293801	0.671149	0.007654	3.287393	3.291665	3.283833	3.286503	0.000000	0.000000	0.000000	0.000000	0.025009	0.029726	0.023496	0.017889	0.000000	0.000000	5.052174	0	0	-0.057190	-0.057190
DF	2.565781	3.296293	3.329757	3.294157	0.669814	0.007654	3.287126	3.291576	3.283388	3.287126	0.000000	0.000000	0.000000	0.000000	0.025098	0.030260	0.023496	0.018156	0.000000	0.000000	5.052530	0	0	-0.057190	-0.057190
E0	2.564179	3.296382	3.330113	3.293890	0.668390	0.007654	3.286859	3.291754	3.283210	3.287215	0.000000	0.000000	0.000000	0.000000	0.025543	0.031061	0.023674	0.018067	0.000000	0.000000	5.052085	0	0	-0.057190	-0.057190
E1	2.565158	3.296738	3.329935	3.293801	0.666076	0.007654	3.286503	3.291309	3.282943	3.286592	0.000000	0.000000	0.000000	0.000000	0.024920	0.030527	0.023407	0.018156	0.000000	0.000000	5.051017	0	0	-0.057190	-0.057190
E2	2.565069	3.296916	3.329401	3.293801	0.665008	0.007654	3.286592	3.291131	3.283388	3.286147	0.000000	0.000000	0.000000	0.000000	0.025543	0.030349	0.023674	0.018334	0.000000	0.000000	5.050750	0	0	-0.057190	-0.057190
E3	2.564535	3.296204	3.329401	3.293445	0.663406	0.007654	3.287126	3.291220	3.283833	3.286592	0.000000	0.000000	0.000000	0.000000	0.024742	0.030260	0.023585	0.017533	0.000000	0.000000	5.050483	0	0	-0.057190	-0.057190
E4	2.564268	3.296115	3.329401	3.293267	0.661804	0.007654	3.286859	3.291131	3.284011	3.286503	0.000000	0.000000	0.000000	0.000000	0.025454	0.029993	0.023585	0.017800	0.000000	0.000000	5.050572	0	0	-0.057190	-0.057190
E5	2.564891	3.295937	3.328600	3.293089	0.660024	0.007654	3.286592	3.291309	3.283121	3.285791	0.000000	0.000000	0.000000	0.000000	0.024920	0.031061	0.023318	0.018334	0.000000	0.000000	5.049059	0	0	-0.057190	-0.057190
E6	2.565158	3.296738	3.329757	3.292733	0.658956	0.007654	3.285613	3.291042	3.283655	3.286414	0.000000	0.000000	0.000000	0.000000	0.024297	0.031328	0.021894	0.017800	0.000000	0.000000	5.049771	0	0	-0.057190	-0.057190
E7	2.563734	3.296026	3.329668	3.293178	0.656464	0.007654	3.286325	3.289796	3.283299	3.285791	0.000000	0.000000	0.000000	0.000000	0.024742	0.030438	0.023585	0.017800	0.000000	0.000000	5.049059	0	0	-0.057190	-0.057190
E8	2.564535	3.296115	3.329668	3.292911	0.655752	0.007654	3.286681	3.290775	3.283566	3.286147	0.000000	0.000000	0.000000	0.000000	0.025009	0.030438	0.023140	0.018601	0.000000	0.000000	5.049949	0	0	-0.057190	-0.057190
E9	2.564268	3.295670	3.328511	3.292555	0.654150	0.007654	3.285524	3.291754	3.282142	3.286147	0.000000	0.000000	0.000000	0.000000	0.025632	0.030171	0.023229	0.017800	0.000000	0.000000	5.048792	0	0	-0.057190	-0.057190
EA	2.564624	3.295759	3.328600	3.292555	0.653171	0.007654	3.286147	3.290953	3.283032	3.285435	0.000000	0.000000	0.000000	0.000000	0.024831	0.030082	0.022962	0.018156	0.000000	0.000000	5.048436	0	0	-0.057190	-0.057190
EB	2.564090	3.295403	3.328155	3.291665	0.651391	0.007654	3.285791	3.290953	3.282320	3.285257	0.000000	0.000000	0.000000	0.000000	0.024564	0.031239	0.023496	0.018512	0.000000	0.000000	5.049059	0	0	-0.057190	-0.057190
EC	2.564001	3.294958	3.328333	3.292555	0.649967	0.007654	3.285524	3.290686	3.282320	3.285346	0.000000	0.000000	0.000000	0.000000	0.025988	0.030794	0.023407	0.017622	0.000000	0.000000	5.048703	0	0	-0.057190	-0.057190
ED	2.563467	3.294958	3.329045	3.292288	0.648098	0.007654	3.285702	3.290686	3.282142	3.285079	0.000000	0.000000	0.000000	0.000000	0.025009	0.030527	0.023051	0.017978	0.000000	0.000000	5.048525	0	0	-0.057190	-0.057190
EE	2.563467	3.295225	3.328155	3.292199	0.647030	0.007654	3.285435	3.289529	3.281875	3.285257	0.000000	0.000000	0.000000	0.000000	0.026344	0.029993	0.023585	0.018423	0.000000	0.000000	5.048881	0	0	-0.057190	-0.057190
EF	2.563200	3.294780	3.328511	3.292288	0.645784	0.007654	3.285257	3.289974	3.281964	3.285346	0.000000	0.000000	0.000000	0.000000	0.025098	0.030883	0.023585	0.018601	0.000000	0.000000	5.050127	0	0	-0.057190	-0.057190
F0	2.562844	3.295403	3.328956	3.292199	0.644894	0.007654	3.284901	3.289618	3.281519	3.285079	0.000000	0.000000	0.000000	0.000000	0.025276	0.030794	0.023585	0.017800	0.000000	0.000000	5.049771	0	0	-0.057190	-0.057190
F1	2.562933	3.295047	3.328155	3.291487	0.642936	0.007654	3.285257	3.289796	3.281430	3.285613	0.000000	0.000000	0.000000	0.000000	0.025899	0.029637	0.022695	0.018512	0.000000	0.000000	5.050661	0	0	-0.057190	-0.057190
F2	2.562933	3.294869	3.327265	3.291131	0.642046	0.007654	3.284990	3.289351	3.281608	3.285079	0.000000	0.000000	0.000000	0.000000	0.025899	0.030616	0.022784	0.018156	0.000000	0.000000	5.050305	0	0	-0.057190	-0.057190
F3	2.562132	3.294424	3.327888	3.291754	0.640266	0.007654	3.284723	3.289618	3.281519	3.284100	0.000000	0.000000	0.000000	0.000000	0.025098	0.030527	0.023140	0.017711	0.000000	0.000000	5.049949	0	0	-0.057190	-0.057190
F4	2.563111	3.294068	3.327265	3.291398	0.639198	0.007654	3.284367	3.289351	3.281163	3.284545	0.000000	0.000000	0.000000	0.000000	0.025187	0.030972	0.023407	0.017533	0.000000	0.000000	5.051373	0	0	-0.057190	-0.057190
F5	2.562399	3.294157	3.328422	3.291131	0.638753	0.007654	3.284545	3.289173	3.280985	3.284189	0.000000	0.000000	0.000000	0.000000	0.025543	0.030794	0.023140	0.018601	0.000000	0.000000	5.051640	0	0	-0.057190	-0.057190
F6	2.562666	3.294424	3.328066	3.291220	0.637151	0.007654	3.284901	3.288995	3.281964	3.284278	0.000000	0.000000	0.000000	0.000000	0.024920	0.030260	0.023407	0.018245	0.000000	0.000000	5.052263	0	0	-0.057190	-0.057190
F7	2.562399	3.293356	3.327265	3.292466	0.636439	0.007654	3.284367	3.288550	3.281252	3.283833	0.000000	0.000000	0.000000	0.000000	0.025365	0.031061	0.023585	0.018067	0.000000	0.000000	5.052352	0	0	-0.057190	-0.057190
F8	2.562755	3.294246	3.327354	3.291220	0.633591	0.007654	3.284278	3.289351	3.280896	3.283833	0.000000	0.000000	0.000000	0.000000	0.025454	0.030171	0.022784	0.017978	0.000000	0.000000	5.053776	0	0	-0.057190	-0.057190
F9	2.562310	3.293890	3.326909	3.290864	0.633413	0.007654	3.284723	3.288461	3.280985	3.284278	0.000000	0.000000	0.000000	0.000000	0.025365	0.030260	0.023674	0.017978	0.000000	0.000000	5.053064	0	0	-0.057190	-0.057190
FA	2.563200	3.293890	3.326642	3.291398	0.632256	0.007654	3.283744	3.288817	3.280540	3.283566	0.000000	0.000000	0.000000	0.000000	0.025009	0.029815	0.023496	0.018601	0.000000	0.000000	5.053776	0	0	-0.057190	-0.057190
FB	2.562844	3.293356	3.326464	3.290419	0.631099	0.007654	3.283922	3.288995	3.280718	3.283744	0.000000	0.000000	0.000000	0.000000	0.024831	0.030705	0.023051	0.018245	0.000000	0.000000	5.054933	0	0	-0.057190	-0.057190
FC	2.562666	3.293712	3.326642	3.290597	0.629764	0.007654	3.283566	3.288639	3.280006	3.283655	0.000000	0.000000	0.000000	0.000000	0.024742	0.030883	0.023407	0.018334	0.000000	0.000000	5.054755	0	0	-0.057190	-0.057190
FD	2.562132	3.293445	3.326464	3.290508	0.628340	0.007654	3.283299	3.288817	3.280095	3.283566	0.000000	0.000000	0.000000	0.000000	0.025276	0.030527	0.023229	0.017978	0.000000	0.000000	5.054844	0	0	-0.057190	-0.057190
FE	2.562221	3.293623	3.326375	3.290330	0.627183	0.007654	3.283744	3.287838	3.280006	3.282943	0.000000	0.000000	0.000000	0.000000	0.025276	0.030527	0.023140	0.016999	0.000000	0.000000	5.055467	0	0	-0.057190	-0.057190
FF	2.561776	3.293356	3.326998	3.290241	0.626293	0.007654	3.283744	3.288372	3.280896	3.283210	0.000000	0.000000	0.000000	0.000000	0.025454	0.029904	0.023051	0.017978	0.000000	0.000000	5.055378	0	0	-0.057190	-0.057190
0	2.560975	3.293445	3.326375	3.290686	0.625136	0.007654	3.283388	3.288105	3.279561	3.283032	0.000000	0.000000	0.000000	0.000000	0.024831	0.030171	0.023852	0.017533	0.000000	0.000000	5.055734	0	0	-0.057190	-0.057190
1	2.560619	3.293089	3.325752	3.290597	0.623890	0.007654	3.282676	3.287037	3.279650	3.283210	0.000000	0.000000	0.000000	0.000000	0.025276	0.031506	0.023674	0.017088	0.000000	0.000000	5.055467	0	0	-0.057190	-0.057190
2	2.561598	3.293178	3.326108	3.290330	0.622644	0.007654	3.282765	3.288016	3.279561	3.283744	0.000000	0.000000	0.000000	0.000000	0.024475	0.030972	0.023496	0.018690	0.000000	0.000000	5.056090	0	0	-0.057190	-0.057190
3	2.561776	3.292555	3.326108	3.290152	0.621042	0.007654	3.283032	3.288194	3.280095	3.283032	0.000000	0.000000	0.000000	0.000000	0.025098	0.031239	0.023496	0.018512	0.000000	0.000000	5.055378	0	0	-0.057190	-0.057190
4	2.561242	3.292377	3.326108	3.289885	0.620152	0.007654	3.282854	3.287482	3.279116	3.282231	0.000000	0.000000	0.000000	0.000000	0.025365	0.029904	0.021538	0.017533	0.000000	0.000000	5.056713	0	0	-0.057190	-0.057190
5	2.560708	3.292911	3.325129	3.289974	0.618906	0.007654	3.282765	3.287571	3.280006	3.283121	0.000000	0.000000	0.000000	0.000000	0.024742	0.031328	0.022606	0.018156	0.000000	0.000000	5.056001	0	0	-0.057190	-0.057190
6	2.561420	3.292822	3.325040	3.289618	0.617838	0.007654	3.282854	3.287215	3.279561	3.282676	0.000000	0.000000	0.000000	0.000000	0.024564	0.029904	0.023585	0.017533	0.000000	0.000000	5.055467	0	0	-0.057190	-0.057190
7	2.560530	3.291932	3.325841	3.289618	0.616325	0.007654	3.282676	3.287571	3.279205	3.282142	0.000000	0.000000	0.000000	0.000000	0.025454	0.029904	0.023674	0.017533	0.000000	0.000000	5.055378	0	0	-0.057190	-0.057190
8	2.560263	3.292733	3.325129	3.288995	0.615168	0.007654	3.281964	3.287838	3.279383	3.282409	0.000000	0.000000	0.000000	0.000000	0.025009	0.030527	0.022606	0.018067	0.000000	0.000000	5.055289	0	0	-0.057190	-0.057190
9	2.560352	3.291398	3.325396	3.289084	0.612676	0.007654	3.282142	3.287037	3.279116	3.281964	0.000000	0.000000	0.000000	0.000000	0.025276	0.030438	0.023051	0.018156	0.000000	0.000000	5.054577	0	0	-0.057190	-0.057190
A	2.560174	3.292288	3.325574	3.289084	0.612676	0.007654	3.282320	3.287927	3.279472	3.282498	0.000000	0.000000	0.000000	0.000000	0.025009	0.031150	0.023407	0.017533	0.000000	0.000000	5.053954	0	0	-0.057190	-0.057190
B	2.560263	3.291309	3.325218	3.289173	0.611697	0.007654	3.281875	3.287482	3.278582	3.282231	0.000000	0.000000	0.000000	0.000000	0.024831	0.030794	0.023674	0.018156	0.000000	0.000000	5.054132	0	0	-0.057190	-0.057190
C	2.560085	3.291665	3.325396	3.288995	0.610184	0.007654	3.282142	3.287126	3.278226	3.282053	0.000000	0.000000	0.000000	0.000000	0.024653	0.030616	0.023674	0.017889	0.000000	0.000000	5.054399	0	0	-0.057190	-0.057190
D	2.559284	3.291932	3.324862	3.289173	0.608404	0.007654	3.282409	3.286325	3.278671	3.281786	0.000000	0.000000	0.000000	0.000000	0.025098	0.030794	0.023051	0.017533	0.000000	0.000000	5.053420	0	0	-0.057190	-0.057190
E	2.559729	3.291309	3.324417	3.288995	0.606802	0.007654	3.282142	3.286147	3.278493	3.281341	0.000000	0.000000	0.000000	0.000000	0.024742	0.031239	0.022962	0.018423	0.000000	0.000000	5.053509	0	0	-0.057190	-0.057190
F	2.559106	3.291398	3.324595	3.289351	0.605378	0.007654	3.281252	3.286859	3.278671	3.280985	0.000000	0.000000	0.000000	0.000000	0.025365	0.030082	0.022784	0.017800	0.000000	0.000000	5.054399	0	0	-0.057190	-0.057190
10	2.558928	3.291843	3.324862	3.288817	0.603153	0.007654	3.281074	3.286592	3.278226	3.281697	0.000000	0.000000	0.000000	0.000000	0.024653	0.030349	0.023941	0.017800	0.000000	0.000000	5.052530	0	0	-0.057190	-0.057190
11	2.560174	3.290953	3.324773	3.289173	0.601284	0.007654	3.281875	3.286058	3.278760	3.281163	0.000000	0.000000	0.000000	0.000000	0.025187	0.030260	0.023140	0.018156	0.000000	0.000000	5.052263	0	0	-0.057190	-0.057190
12	2.559106	3.290508	3.323883	3.288550	0.599593	0.007654	3.281430	3.286325	3.278137	3.281519	0.000000	0.000000	0.000000	0.000000	0.025009	0.030438	0.023585	0.017444	0.000000	0.000000	5.052263	0	0	-0.057190	-0.057190
13	2.560085	3.290775	3.324150	3.287927	0.598347	0.007654	3.281252	3.286592	3.278048	3.281252	0.000000	0.000000	0.000000	0.000000	0.025721	0.030527	0.023852	0.017444	0.000000	0.000000	5.050750	0	0	-0.057190	-0.057190
14	2.559284	3.291576	3.324150	3.288105	0.596745	0.007654	3.281252	3.285791	3.277692	3.281252	0.000000	0.000000	0.000000	0.000000	0.025632	0.030794	0.023852	0.018601	0.000000	0.000000	5.049949	0	0	-0.057190	-0.057190
15	2.559106	3.291220	3.324506	3.287838	0.595944	0.007654	3.281252	3.285524	3.277870	3.281074	0.000000	0.000000	0.000000	0.000000	0.024564	0.030972	0.023585	0.017889	0.000000	0.000000	5.050038	0	0	-0.057190	-0.057190
16	2.558572	3.291042	3.324061	3.287838	0.594876	0.007654	3.281163	3.285524	3.277247	3.281341	0.000000	0.000000	0.000000	0.000000	0.025187	0.030705	0.022962	0.018512	0.000000	0.000000	5.050839	0	0	-0.057190	-0.057190
